0,name
0.38859261939840367,vicarage-at-etten-1876.jpg
0.30528899154086636,honesty-in-a-vase-1885.jpg
0.3832472072448032,field-with-poppies-1890(1).jpg
0.1796672137703534,self-portrait-1886-1.jpg
0.2621143444140418,peasant-woman-gleaning-1885-1.jpg
0.10561351549828464,baby-in-a-carriage(1).jpg
0.2682952786226942,landscape-with-willows-and-sun-shining-through-the-clouds-1884.jpg
0.652799755462337,scheveningen-woman-sewing-2-1881.jpg
0.4622863508588502,farmhouse-with-two-figures-1890(1).jpg
0.3053251601364989,the-roubine-du-roi-canal-with-washerwomen-1888.jpg
0.6406341717769505,street-in-saintes-maries-1888-1.jpg
0.16776190690725507,woman-sewing-1881.jpg
0.29639420784552656,mount-gaussier-with-the-mas-de-saint-paul-1889.jpg
0.2532521438532962,man-stooping-with-stick-or-spade-1882.jpg
0.41303647405140814,three-studies-1890.jpg
0.19034114713867817,dunes-with-figures-1882(1).jpg
0.539827762543622,29hidden-1-superjumbo.jpg
0.36192309577347154,peasant-woman-head-9.jpg
0.2455168161471577,peasant.jpg
0.3541230583093034,boy-cutting-grass-with-a-sickle-1881(1).jpg
0.1880029466007873,seated-man-with-a-beard-1886-1.jpg
0.5647177578347963,chestnut-trees-in-blossom-1890(1).jpg
0.2916419212631369,sketch-of-diggers-and-other-figures-1890.jpg
0.1933859878482408,torso-of-venus-1887.jpg
0.28396267561583255,vase-with-carnations-1886-1.jpg
0.11433659679717512,sketch-of-a-left-hand-1886.jpg
0.17144878958572937,vincent-willem-van-gogh-102-1.jpg
0.3563102455208372,sheet-with-two-groups-of-peasants-at-a-meal-1890.jpg
0.24380354473540947,vase-with-carnations-1886.jpg
0.39527971811789225,haystacks-in-provence-1888.jpg
0.8493133898000067,banks-of-the-seine-in-the-spring-1887(1).jpg
0.48620801782668,enclosed-field-with-ploughman-1889(1).jpg
0.3175284191863334,madame-augustine-roulin-1889.jpg
0.8514913367579874,the-night-cafe-1888.jpg
0.4216522682718689,two-trees.jpg
0.6235776743573799,garden-with-flowers-1888(1).jpg
0.14521260201185146,plaster-torso-of-a-woman-1886.jpg
0.4536758796842977,behind-the-hedges-1884(1).jpg
0.20711888246894217,head-of-a-peasant-woman-with-white-cap-1884(1).jpg
0.22231785769018225,a-mousme-1888(1).jpg
0.47271518729962875,landscape-with-couple-walking-and-crescent-moon-1890(1).jpg
0.5073661249707249,olive-grove-with-picking-figures-1889.jpg
0.6629837462907675,daubigny-s-garden-1890-2(1).jpg
0.3940673201867003,dr-paul-gachet-1890(1).jpg
0.46596603955622956,landscape-with-three-trees-and-a-house-1890.jpg
0.21004361746263162,nude-woman-half-length-1882.jpg
0.2484481139427665,peasant-walking-with-a-wheelbarrow-1885.jpg
1.3296716304322747,garden-with-flowers-1888-2(1).jpg
0.3789391774527496,at-the-plough-1884(1).jpg
0.4585944834897549,group-of-people-on-the-beach-with-fishing-boat-arriving-1882(1).jpg
0.3220201108045803,stocky-man-1885-1.jpg
0.27468030418848605,snow-covered-cottages-a-couple-with-a-child-and-other-walkers-1890.jpg
0.27113263627313805,people-strolling-on-the-beach-1882.jpg
0.21523466051775225,two-hands-3.jpg
0.6050443634159818,orchard-with-blossoming-plum-trees-1888.jpg
0.4720920036121818,view-of-arles-with-irises-in-the-foreground-1888.jpg
0.3843249543899693,peasant-woman-head-1885-1.jpg
0.36985597919832697,couple-walking-between-rows-of-trees-1890(1).jpg
0.40494876586193723,vase-of-hollyhocks-1886.jpg
0.6432167063104997,sower-with-setting-sun-1888-2.jpg
0.37317156057661716,church-in-nuenen-with-one-figure(1).jpg
0.2259247617048083,orphan-man-with-top-hat-drinking-coffee-1882.jpg
0.4026462708176885,wheat-field-with-a-stack-of-wheat-or-hay-1890.jpg
0.4527861425982155,wheatfield-with-crows-1890.jpg
0.6051312627520378,landscape-in-the-rain-1890.jpg
0.20054272158371428,miners-in-the-snow-at-dawn-1880.jpg
0.20054914125771572,farmhouse-with-peat-stacks-1883(1).jpg
0.36059843576431494,people-walking-in-eindhoven-1885.jpg
0.16112795148225587,still-life-with-bloaters-1886.jpg
0.312089529840278,view-from-vincent-s-room-in-the-rue-lepic-1887.jpg
0.2935995072296625,sheet-with-many-sketches-of-figures-1890.jpg
0.1477452604555918,portrait-of-a-man-with-a-skull-cap.jpg
0.38063264707856104,window-in-the-bataille-restaurant-1887.jpg
0.31204540319950996,still-life-bottle-lemons-and-oranges-1888.jpg
0.9282146054767835,wheat-field-with-setting-sun-1888.jpg
0.3070557921434788,a-weather-beaten-pine-tree-1889(1).jpg
0.23677158610530757,the-old-cemetery-tower-at-nuenen-in-the-snow-1885.jpg
0.4967980475062811,the-kingfisher-1884.jpg
0.18038732774345173,vase-with-myosotis-and-peonies-1886.jpg
0.5374161760012337,view-of-saintes-maries-with-cemetery-1888.jpg
0.12274295727446959,the-goat-herd-1862.jpg
0.1748813825422978,swift-1887.jpg
0.4667596304723515,woman-with-hat-head-1882.jpg
0.27919990673446715,the-church-in-nuenen-in-winter-1883.jpg
0.32038136489226454,sand-diggers-in-dekkersduin-near-the-hague-2-1883.jpg
0.3552280497731668,path-in-the-park-at-arles-1888.jpg
0.23997116542921457,man-sitting-with-a-glass-in-his-hand-1882.jpg
0.22929188712613058,self-portrait-with-straw-hat-1887-2.jpg
0.264235756928814,melancholy-1883.jpg
0.4401639311538846,the-house-of-pere-pilon-1890.jpg
0.29038671729104126,two-heads-of-men.jpg
0.6281754481804496,three-cottages-in-saintes-maries-1888.jpg
0.23663366750943035,two-peasant-women-digging-potatoes-1885.jpg
0.16454181416969502,peasant-woman-head-7.jpg
0.7491452259541035,wheat-field-in-rain-1889.jpg
0.6398678513163584,peach-trees-in-blossom-1888.jpg
0.1926021328606783,peasant-and-peasant-woman-planting-potatoes-1885.jpg
0.29353933498224155,cypresses-1889-1(1).jpg
0.5725378172623201,the-public-soup-kitchen-1883-1.jpg
0.3155377694680412,digger-1882-3(1).jpg
0.23491566973945066,still-life-vase-with-cornflowers-and-poppies-1887.jpg
0.21590825726819235,portrait-of-vincent-van-gogh-the-artist-s-grandfather-1881.jpg
0.30498376169633584,sien-sewing-half-figure-1883-1.jpg
0.16139296980112108,peasant-woman-with-a-child-in-her-lap-1885.jpg
0.6362984186356756,olive-grove-1889.jpg
0.2352975187020329,woman-sitting-on-a-basket-with-head-in-hands.jpg
0.24256706617566506,vicarage-at-nuenen-1884.jpg
0.4059440719481512,field-with-two-rabbits-1889(1).jpg
0.3408969041878254,sketch-of-the-painting-the-potato-eaters-1890.jpg
0.48163946180292766,the-garden-of-doctor-gachet-at-auvers-sur-oise-1890(1).jpg
0.27364885823070584,iron-mill-in-the-hague-1882.jpg
0.2884878380393016,sorrow-1882-1.jpg
0.3534364731155643,the-schenkweg-1882.jpg
0.4158276824432976,public-garden-with-benches-1888.jpg
0.3478343680354846,woman-by-a-hearth-1885-1.jpg
0.5690864730337781,man-pulling-a-harrow-1883.jpg
0.23339615098512007,portrait-of-a-woman-with-a-red-ribbon-1885.jpg
0.5955169982539025,entrance-gate-to-a-farm-with-haystacks-1888(1).jpg
0.44135776598012394,rhone-with-boats-and-a-bridge-1888.jpg
0.5777808331091863,the-grounds-of-the-asylum-1889.jpg
0.25034874268393303,portrait-of-a-one-eyed-man-1888.jpg
0.25349680060016455,still-life-with-apples-meat-and-a-roll-1886.jpg
0.6407283655145588,trees-with-ivy-1889.jpg
0.389140132146704,child-with-orange-1890(1).jpg
0.1345441895594044,plaster-torso-of-a-woman-seen-from-the-side-1886.jpg
0.13042741964009652,peasant-woman-peeling-potatoes-1885.jpg
0.2263484512049111,four-men-cutting-wood-1882(1).jpg
0.4878576844641515,workman-sitting-on-a-basket-cutting-bread-1882.jpg
0.11956253946814183,village-at-sunset-1884.jpg
0.13032838325598983,head-of-a-peasant-woman-with-dark-cap-1885-1(1).jpg
0.3235145178993992,sower-1882-3.jpg
0.5907285480579346,the-ravine-of-the-peyroulets-1889.jpg
0.3591612945063305,view-of-arles-with-trees-in-blossom-1888.jpg
0.389093472141492,head-of-a-man-possibly-theo-van-gogh-1887(1).jpg
0.17963474401220453,baby-crawling(1).jpg
0.2932677714389641,vase-with-lilacs-daisies-and-anemones-1887.jpg
0.6234853754691254,houses-with-thatched-roofs-cordeville-1890.jpg
0.37701210352358433,woman-mending-stockings-1881.jpg
0.47137963238513947,the-banks-of-the-seine-1887.jpg
0.2972101253512162,self-portrait-with-straw-hat-1887.jpg
0.25438184305665773,view-of-paris-with-notre-dame-and-the-pantheon-1886.jpg
0.2787646480560661,still-life-with-a-basket-of-vegetables-1885.jpg
0.38887907441662484,peasant-woman-reeling-yarn-1885.jpg
0.2931918804527891,wheat-field-with-sheaves-and-a-windmill-1885.jpg
0.22916456624486656,hands-1885-1(1).jpg
0.174479895681294,two-hands-and-a-woman-s-head.jpg
0.2291487970698972,woman-sitting-by-the-fire-peeling-potatoes-sketch-of-a-second-figure-1885.jpg
0.4031075485289369,a-public-garden-with-people-walking-in-the-rain-1886(1).jpg
0.22118248439730187,olive-picking-1889.jpg
0.3449389311890049,weaver-1884-1.jpg
0.5442398767660979,road-with-men-walking-carriage-cypress-star-and-crescent-moon-1890.jpg
0.6946860769847162,quay-with-men-unloading-sand-barges-1888.jpg
0.13722971957705846,plaster-statuette-of-a-female-torso-1886.jpg
0.3992094229068697,a-row-of-bare-trees-1889(1).jpg
0.21523727853785474,the-fourteenth-of-july-celebration-in-paris-1886.jpg
0.269336563431412,peasant-with-a-chopping-knife-1881.jpg
0.3096485388755494,montmartre-the-quarry-and-windmills-1886.jpg
0.27329155137700434,sheaf-binder-the-after-millet-1889.jpg
0.1252738844187823,farmhouse-1883(1).jpg
0.27939330654444794,cottage-and-woman-with-goat-1885(1).jpg
0.5326644546023798,harvest-in-provence-at-the-left-montmajour-1888(1).jpg
0.4733142685260439,young-peasant-girl-in-a-straw-hat-sitting-in-front-of-a-wheatfield-1890.jpg
0.1361504542741376,peasant-burning-weeds-1883.jpg
0.26145411134942625,portrait-of-camille-roulin-1888.jpg
0.5293743842765343,entrance-to-the-voyer-d-argenson-park-at-asnieres-1887(1).jpg
0.26713388362395885,head-of-an-old-man.jpg
0.36195052164615577,young-girl-standing-against-a-background-of-wheat-1890.jpg
0.39555824390678124,funeral-in-the-snow-near-the-old-tower-1883(1).jpg
0.09527312523594461,seated-nude-after-bargues-1890.jpg
0.7984428892554113,wheat-field-with-cypresses-at-the-haude-galline-near-eygalieres-1889.jpg
0.4379484238310996,woman-reeling-yarn-1884-1.jpg
0.40765361701823005,the-rhone-with-boats-and-a-bridge-1888.jpg
0.17910683479507739,idol.jpg
0.2690845005589942,country-road-1890(1).jpg
0.3006279677443772,japonaiserie-after-hiroshige-1887.jpg
0.11084711749531022,two-hands-with-a-stick.jpg
0.23476081487281222,portrait-of-madame-ginoux-l-arlesienne-1888.jpg
0.21787338956544666,the-langlois-bridge-at-arles-1888.jpg
0.4107602043781378,shores-of-scheveningen-1882.jpg
0.4113246536424801,man-and-woman-sharing-a-meal-1885.jpg
0.31279147382364986,the-zouave-half-length-1888.jpg
0.23787844715408096,orphan-man-bareheaded-1883.jpg
0.28459254699152625,peasant-girl-half-figure-2-1885.jpg
0.5152755566563034,selfportrait-on-the-road-to-tarascon-the-painter-on-his-way-to-work-1888.jpg
0.9417594203708166,the-artist-s-house-in-arles-1888.jpg
0.3215100339487281,peasant-woman-bending-over-1885.jpg
0.49365977864970356,morning-going-to-work-1890.jpg
0.3188407165988228,garden-behind-a-house-1888(1).jpg
0.34081019329238116,thatched-cottages-in-jorgus-1890.jpg
0.4006582288865974,pine-trees-in-the-fen-1884.jpg
0.4379552960865123,windmils-at-dordrecht-1881.jpg
0.2708187418973352,strollers-and-onlookers-at-a-place-of-entertainment-1887.jpg
0.41041444775403707,cypresses-1889(1).jpg
0.2746925836206645,gate-in-the-paris-ramparts-1887(1).jpg
0.24517166740913757,sorrow-1882.jpg
0.35774034446255704,weaver-with-other-figures-in-front-of-loom-1884.jpg
0.25070484148416,fisherman-with-sou-wester-sitting-with-pipe-1883(1).jpg
0.5408578385564508,fishing-boats-at-sea-1888(1).jpg
0.23731049693012884,figures-in-a-winter-landscape-1883(1).jpg
0.5523937370676287,study-of-a-tree-1882.jpg
0.1363357308673566,portrait-of-the-artist-s-mother-1888.jpg
0.2802478466865482,peasants-lifting-potatoes-1890.jpg
0.33094857919210163,wheat-stacks-with-reaper-1888.jpg
0.2000742032756077,head-of-a-woman-with-her-hair-loose-1886.jpg
0.30977928714259484,head-of-a-man-1(1).jpg
0.21223860709784056,a-girl-in-the-street-two-coaches-in-the-background-1882(1).jpg
0.1280966729903407,sketch-of-a-right-arm-and-shoulder-1886.jpg
0.6362808797911448,landscape-with-hut-in-the-camargue-1888.jpg
0.4801203754210497,orchard-in-blossom-1888-2.jpg
0.5190038350384856,l-arlesienne-portrait-of-madame-ginoux-1888.jpg
0.6422420491218633,man-with-spade-in-a-suburb-of-paris-1887.jpg
0.5135520367208583,landscape-with-the-chateau-of-auvers-at-sunset-1890.jpg
0.3228829819108487,still-life-vase-with-five-sunflowers-1888.jpg
0.17978121118477336,avenue-of-poplars-at-sunset-1884(1).jpg
0.22839956139147155,interior-with-peasant-woman-sitting-near-the-fireplace-1885-1.jpg
0.39773338745288433,le-moulin-de-la-galette-1886-1.jpg
0.25323546533231006,man-in-a-village-inn-1883.jpg
0.3699350987791854,plaster-statuette-1886-1.jpg
0.18352056929381863,the-old-tower-1884.jpg
0.25863625506426025,bleaching-ground-1882(1).jpg
0.17731417083344458,view-of-royal-road-ramsgate-1876-1.jpg
0.4322994696700215,the-factory-at-asnieres-1887.jpg
0.4742507083176865,field-with-poppies-1889(1).jpg
0.26896120732266837,two-men-with-a-four-wheeled-wagon-1882.jpg
0.3307803224997145,congregation-leaving-the-reformed-church-in-nuenen-1884(1).jpg
0.3352386751634679,portrait-of-a-woman-1885.jpg
0.14813812774779805,sketch-of-cows-and-children-1890.jpg
0.705268333487565,self-portrait-1888.jpg
0.21079109097586451,the-pont-du-carrousel-and-the-louvre-1886.jpg
0.13327034359647064,self-portrait-with-pipe-1886.jpg
0.6193095350489365,drawbridge-with-walking-couple-1888(1).jpg
0.386746469697568,the-langlois-bridge-at-arles-with-women-washing-1888-1.jpg
0.13986777024493638,portrait-of-postman-roulin-1888.jpg
0.472277247364107,interior-of-a-restaurant-1887.jpg
0.25983514597126045,the-spinner-after-millet-1889.jpg
0.40004894579306133,sun-disk-above-a-path-between-shrubs-1890.jpg
0.29796374245113183,head-of-a-girl-bareheaded-and-head-of-a-man-with-beard-and-cap(1).jpg
0.3384569163480168,view-of-vessenots-near-auvers-1890.jpg
0.557089408315062,orchard-with-peach-trees-in-blossom-1888.jpg
0.22021400038526698,dog(1).jpg
0.169435518634873,old-man-with-a-top-hat-1882.jpg
0.3313728054745323,orphan-man-with-long-overcoat-glass-and-handkerchief-1882.jpg
0.3781726091987453,self-portrait-1887-1.jpg
0.4034283245091445,dance-hall-1885(1).jpg
0.1943369886037476,old-man-reading-1882.jpg
0.27487742475662363,landscape-with-pollard-willows-1884.jpg
0.31776227270000285,the-parsonage-garden-at-nuenen-in-the-snow-1885.jpg
0.6858582772621449,the-brothel-1887.jpg
0.6722167309184538,wheat-field-with-cypresses-at-the-haude-galline-near-eygalieres-1889-1.jpg
0.16558782835958344,peasant-with-sickle-seen-from-the-back-1885-1.jpg
0.24608665601725757,head-of-a-peasant-study-for-the-potato-eaters-1885(1).jpg
0.37012675201251377,girl-with-straw-hat-sitting-in-the-wheat-1890(1).jpg
0.17187636978735044,girl-kneeling-in-front-of-a-bucket-1881(1).jpg
0.296353866045109,still-life-potatoes-in-a-yellow-dish-1888.jpg
0.3653748744572439,a-square-in-paris-1886(1).jpg
0.25410119263277553,weaver-seen-from-the-front-1884.jpg
0.226433532583851,seated-woman-2-1885.jpg
0.46383539931100565,wheatfield-with-mountains-in-the-background-1889.jpg
0.2867228133136846,doctor-gachet-sitting-at-a-table-with-books-and-a-glass-with-sprigs-of-foxglove-1890(1).jpg
0.7948866390730654,marsh-with-water-lillies-1881.jpg
0.4837056595158389,the-good-samaritan-after-delacroix-1890.jpg
0.1998068532833072,self-portrait-1887-6.jpg
0.34927186393259324,pianist-1887.jpg
0.3172394050501532,japanese-art-1887.jpg
0.5102321078750462,state-lottery-office-1882.jpg
0.35663090786535623,still-life-french-novels-and-rose.jpg
0.2874681854754429,still-life-with-roses-and-sunflowers-1886.jpg
0.2171693900245074,still-life-of-paintbrushes-in-a-flowerpot-1884.jpg
0.2090697637852878,two-studies-of-a-cottage-1885.jpg
0.18415600577281652,a-pair-of-shoes-1887-1(1).jpg
0.21575311270444222,woman-with-hat-half-length-1886.jpg
0.38949045961294365,encampment-of-gypsies-with-caravans-1888(1).jpg
0.1621141456159254,ploughman-with-woman-planting-potatoes-1884.jpg
0.18257481294630976,four-peasants-at-a-meal-study-for-the-potato-eaters-1885(1).jpg
0.16121264743191127,landscape-in-drenthe-1883.jpg
0.7235320554307744,alychamps-1888(1).jpg
0.4973647853503113,sower-and-trunk-of-an-old-yew-tree-1888.jpg
0.47902477368980656,a-fishing-boat-at-sea-1888(1).jpg
0.31465494394699095,a-digger-1881(1).jpg
0.27524248974227095,churchyard-in-winter-1883(1).jpg
0.4980083400724398,a-pair-of-shoes-1886(1).jpg
0.49724623070267465,the-reaper-1889.jpg
0.22569328660139015,peasant-woman-binding-a-sheaf-of-grain-1885.jpg
0.19079459643603192,country-churchyard-and-old-church-tower-1885(1).jpg
0.3890413347573842,miners-1880.jpg
0.5524292904297835,cypresses-1889-3(1).jpg
0.19113494517271587,reaper-1885.jpg
0.7878403538266205,thatched-cottages-in-the-sunshine-reminiscence-of-the-north-1890.jpg
0.6515589202860079,landscape-with-olive-tree-and-mountains-in-the-background-1888.jpg
0.19978086664257766,self-portrait-1887-8.jpg
0.7388554817686664,sower-with-setting-sun-1888.jpg
0.33725322919225886,vegetable-gardens-in-montmartre-1887-1.jpg
0.23876096199242575,l-arlesienne-portrait-of-madame-ginoux-1890.jpg
0.23211887225965797,a-steamer-with-several-people-1890(1).jpg
0.20264721233908833,young-man-with-a-pipe-1884.jpg
1.0422324164317762,haystacks-near-a-farm-1888-1(1).jpg
0.17819411815127703,sheet-with-sketches-of-diggers-and-other-figures-1890-1.jpg
0.44564173009299973,head-of-a-man-bareheaded-1885-1(1).jpg
0.33609536107029675,woman-by-a-hearth-1885.jpg
0.28458303675584967,farmhouse-with-barn-and-trees-1883(1).jpg
0.23171919019432077,woman-with-a-mourning-shawl-1885.jpg
0.32413536043397595,sheet-with-sketches-of-a-digger-and-other-figures-1890.jpg
0.3681458030397501,au-charbonnage-café-1878(1).jpg
0.13810231312914523,peasant-woman-stooping-2-1885.jpg
0.17756665673992936,cottage-with-decrepit-barn-and-stooping-woman-1885(1).jpg
0.3209168993826965,three-persons-returning-from-the-potato-field-1883.jpg
0.46436246522338526,the-sower-sower-with-setting-sun-1888.jpg
0.6507319788880321,girl-with-shawl-half-figure-1883(1).jpg
0.18841347026305463,old-man-in-a-tail-coat-1882.jpg
0.23726035066869783,churchyard-in-the-rain-1883(1).jpg
0.13092464323827677,peasant-woman-head-1884-1.jpg
0.48912185482974757,spectators-in-the-arena-at-arles-1888.jpg
0.45025439938509393,the-garden-of-saint-paul-hospital-1889-2.jpg
0.42437077206932183,cottages-in-saintes-maries-1888(1).jpg
0.40047276359250145,ward-in-the-hospital-at-arles-1889.jpg
0.3726220045900524,scheveningen-road-1882.jpg
0.5047962881652663,interior-of-a-restaurant-1887-1.jpg
0.08982692266001002,head-of-a-peasant-woman-with-brownish-cap-1885(1).jpg
0.2635084147977071,people-walking-in-front-of-the-palais-du-luxembourg-1886.jpg
0.48401407490868004,tree-roots-1890.jpg
0.16780220680195104,self-portrait-1886.jpg
0.35879998698580245,prayer-before-the-meal-1882.jpg
0.30414481573430263,the-houses-on-schenkweg-where-van-gogh-lived-1882.jpg
0.3691158621824973,self-portrait-with-dark-felt-hat-at-the-easel-1886(1).jpg
0.35862418710039384,still-life-with-an-earthern-bowl-and-potatoes-1885.jpg
0.18977640671507806,carriage(1).jpg
0.13477690994553088,watermill-in-kollen-near-nuenen-1884.jpg
0.4682012403200307,baby-1(1).jpg
0.20691328441163825,self-portrait-with-straw-hat-and-pipe-1887.jpg
0.5265635716815468,the-novel-reader-1888-1.jpg
0.15715306629839798,seated-female-nude.jpg
0.3535729555571311,still-life-with-grapes-pears-and-lemons-1887.jpg
0.2217832048455025,portrait-of-madame-ginoux-l-arlesienne-1890.jpg
0.291184189748287,alcohol-3840756.jpg
0.47009394319455833,bird-s-nest-1885(1).jpg
0.4077861987729373,a-vase-of-roses-1890(1).jpg
0.35980543680960747,portrait-of-madame-trabuc-1889.jpg
0.3958444959952581,peasant-woman-with-a-rake-after-millet-1889.jpg
0.13231483770578445,the-angelus-after-millet-1880.jpg
0.20768859707083476,old-man-with-a-stick-1882.jpg
0.351528120590163,sower-1882.jpg
0.2398923746717308,miners-in-the-snow-winter-1882.jpg
0.5708497854873338,olive-picking-1889-2.jpg
0.3456034277824295,the-roofs-of-paris-1886.jpg
0.4082000446927851,antique-3937521.jpg
0.23916783122966556,view-of-paris-with-the-hôtel-de-ville-and-the-tour-saint-jacques-1886.jpg
0.39503135763464714,mother-at-the-cradle-and-child-sitting-on-the-floor-1881.jpg
0.24492246144556065,interior-with-peasant-woman-sewing-1885.jpg
0.10705070443703389,three-cicadas-1889.jpg
0.1599669306206613,sower-1881-2.jpg
0.2802385617761432,the-woodcutter-after-millet-1890.jpg
0.14293234445058087,woman-with-folded-hands-half-length-1883.jpg
0.1995219995952614,skull-1.jpg
0.2719061708268466,two-thistles-1888.jpg
0.4986596817157758,several-figures-on-a-road-with-trees-1890.jpg
0.15970191669674896,peasant-with-sickle-seen-from-the-back-1885.jpg
0.3256617919715604,a-mousmé-half-figure-1888(1).jpg
0.19999323909073455,cottage-with-peasant-coming-home-1885(1).jpg
0.24476987676463727,two-women-in-the-moor-1883.jpg
0.4073634315910416,vase-with-poppies-cornflowers-peonies-and-chrysanthemums-1886.jpg
0.368117973713873,men-in-front-of-the-counter-in-a-cafe-1890.jpg
0.24326918679302556,head-of-a-woman-17.jpg
0.38776425887204113,sien-s-mother-s-house-closer-view-1882.jpg
0.5012885251700161,orchard-and-house-with-orange-roof-1888.jpg
0.20984527446970008,view-of-auvers-with-church-1890.jpg
0.27725741951209454,still-life-with-mackerels-lemons-and-tomatoes-1886.jpg
0.1707726002855881,head-of-a-peasant-woman-with-white-cap-1885-2(1).jpg
0.21542604747608218,head-of-a-young-man-1.jpg
0.2071117607627843,boy-with-cap-and-clogs(1).jpg
0.4417875176442005,the-railway-bridge-over-avenue-montmajour-1888.jpg
0.21501001264372613,peasant-woman-with-shawl-over-her-head-seen-from-the-back-1885.jpg
0.21980867524126235,vase-with-red-poppies-1886.jpg
0.24641267619482954,mask-of-an-egyptian-mummy-1889.jpg
0.16413266006889948,torso-of-venus-3.jpg
0.35688827795719213,study-of-pine-trees-1889(1).jpg
0.6043339383133753,the-courtyard-of-the-hospital-in-arles-1889.jpg
0.33500428980734204,fish-drying-barn-in-scheveningen-1882(1).jpg
0.3997164185536638,sketch-of-a-knee-1886.jpg
0.25612281989714425,peasant-woman-portrait-of-gordina-de-groot-1885.jpg
0.39138759339218754,people-walking-on-a-street-in-the-evening-1886.jpg
0.41408971297111064,snowy-landscape-with-arles-in-the-background-1888.jpg
0.4657187739034334,garden-in-auvers-1890(1).jpg
0.15380246898335379,head-of-a-peasant-woman-with-dark-cap-1885-3(1).jpg
0.4225636876668253,portrait-of-camille-roulin-1888-1.jpg
0.22790472865809772,cottage-with-trees-1885(1).jpg
0.15505075775809768,peasant-woman-with-broom-1885-1.jpg
0.21120120138287454,torso-of-venus-4.jpg
0.5648358514665964,avenue-in-the-park-1888(1).jpg
0.2322220537414848,orphan-man-holding-top-hat-in-his-hand-1882-1.jpg
0.19923885703673894,orphan-man-with-cap-and-stick-1882.jpg
0.11979367925447182,sketch-of-a-couple-walking-with-a-child-1890.jpg
0.650715120996341,pasture-in-bloom-1887.jpg
0.19020113591282592,kneeling-man-planting-1881.jpg
0.5260220793829813,pollard-willows-and-setting-sun-1888.jpg
0.26404898926805054,head-of-a-man-1885(1).jpg
0.4858352633061433,green-ears-of-wheat-1888(1).jpg
0.22503187442053274,still-life-glass-with-wild-flowers-1890.jpg
0.2685428023693139,seated-girl-seen-from-the-front.jpg
0.5984968885767897,orphan-man-in-sunday-clothes-with-eye-bandage-1882.jpg
0.3282571091518284,parsonage-garden-at-dusk-1885.jpg
0.2674181907440439,head-of-a-woman-10.jpg
0.36942149331479196,peasant-woman-stooping-seen-from-the-back-1885.jpg
0.3756534719465585,young-man-with-cornflower-1890.jpg
0.15677616626329563,man-with-rake-1883.jpg
0.30613743186019876,madame-roulin-rocking-the-cradle-a-lullaby-1889.jpg
0.41654941423564873,portrait-of-père-tanguy-1887.jpg
0.2047991789089145,four-hands(1).jpg
0.4293243386963211,peasant-woman-sitting-with-chin-in-hand-1885.jpg
0.4487209030377769,geranium-in-a-flowerpot-1886(1).jpg
0.37048281056224325,still-life-with-plaster-statuette-a-rose-and-two-novels-1887.jpg
0.29866640712323045,nude-woman-reclining-seen-from-the-back-1887.jpg
0.361995342771204,pine-trees-in-the-garden-of-the-asylum-1889.jpg
0.30666945993804084,building-in-eindhoven-the-weigh-house-1885(1).jpg
0.26599339937198374,digger-1882-1(1).jpg
0.3077555271670342,portrait-of-trabuc-an-attendant-at-saint-paul-hospital-1889.jpg
0.338258563191572,pollard-willow-1882.jpg
0.8440065180614349,red-vineyards-at-arles-1888.jpg
0.3083748291794308,head-of-a-woman-2.jpg
0.20245088856471996,outskirts-of-paris-near-montmartre-1887-1.jpg
0.27305195009540006,woman-shelling-peas-1885.jpg
0.14737744930625135,peasant-woman-pitching-wheat-or-hay-1885-1.jpg
0.15148003734832474,peasant-seen-from-the-back-and-three-hands-holding-a-stick-1885.jpg
0.333250290037809,drawbridge-in-nieuw-amsterdam-1883(1).jpg
0.11565051355757962,sketch-of-a-left-hand-1886-1.jpg
0.6361561932052583,fisherman-with-sou-wester-head-1883-1(1).jpg
0.3004950870129695,woman-with-kettle-seen-from-the-back-1882.jpg
0.17339351491921354,peasant-woman-kneeling-with-chopper-1885.jpg
0.13993257819313737,walking-couple-1886.jpg
0.4715866268648234,view-of-the-sea-at-scheveningen-1882.jpg
0.38174082721042263,head-of-a-woman-1882.jpg
0.4992439135163292,houses-in-auvers-1890.jpg
0.22706299094291796,head-of-a-man-3(1).jpg
0.4291517098959132,olive-trees-with-yellow-sky-and-sun-1889.jpg
0.3456942842691416,village-street-and-steps-in-auvers-with-two-figures-1890.jpg
0.10990053979327978,weaver-arranging-threads-1884.jpg
0.3317749842705144,woman-peeling-potatoes-1885.jpg
0.5848347816600546,trees-and-undergrowth-1887.jpg
0.46341337012912853,pine-trees-with-figure-in-the-garden-of-saint-paul-hospital-1889.jpg
0.1784022848203097,portrait-of-dr-felix-rey-1889.jpg
0.26843382578942665,vase-with-gladioli-1886.jpg
0.2318687185546762,sheet-with-two-sowers-and-hands-1890.jpg
0.2533857685286965,reaper-1885-3.jpg
0.6361955760765503,chestnut-tree-in-blossom-1887(1).jpg
0.16659066530701744,girl-carrying-a-loaf-of-bread-1882(1).jpg
0.17445571211526528,wood-gatherer-figure-study-1884.jpg
0.3964249388162326,wheat-harvest-1884.jpg
0.4435458864839502,two-poplars-on-a-hill-1889.jpg
0.25752340847493416,sheet-with-people-sitting-on-chairs-1890.jpg
0.19911184869911808,a-zandmennik-house(1).jpg
0.33082115197147344,moored-boats-1887.jpg
0.22130552684637847,peasant-woman-planting-potatoes-1885.jpg
0.481929570776671,two-cypresses-1889.jpg
0.2935357132495844,fisherman-in-jacket-with-upturned-collar-1883(1).jpg
0.2126613883309897,sloping-path-in-montmartre-1886.jpg
0.24576987101020045,the-discus-thrower-1886.jpg
0.21105676870634885,zouave-1888-1(1).jpg
0.25827482775371857,two-heads-man-with-beard-and-hat-peasant-with-cap.jpg
0.2639301987532461,near-the-hearth-1881.jpg
0.3493963870292021,landscape-under-a-stormy-sky-1888.jpg
0.1463329461215671,the-parsonage-garden-at-nuenen-with-pond-and-figures-1885.jpg
0.3543082864451546,vase-with-white-and-red-carnations-1887.jpg
0.22681803655135388,vincent-van-gogh-three-sunflowers-in-a-vase.Jpg
0.49643282158246327,the-town-hall-at-auvers-1890.jpg
0.2462559632117799,woman-sien-with-baby-on-her-lap-half-figure-1882.jpg
0.23940656010239197,digger-1881-2(1).jpg
0.2730309896622993,madame-roulin-rocking-the-cradle-a-lullaby-1889-1.jpg
0.32028996941492316,head-of-a-woman-1885.jpg
0.3689095533555647,figures-in-a-park-1886(1).jpg
0.9592082320727239,prisoners-exercising-prisoners-round-1890.jpg
0.4235546540283375,a-mousmé-sitting-1888-1(1).jpg
0.14085596766453523,sketches-of-a-cottage-and-figures-1890.jpg
0.19911077373085329,peasant-woman-carrying-a-sheaf-of-grain-1885.jpg
0.19004542526654497,portrait-of-a-patient-in-saint-paul-hospital-1889.jpg
0.373302252508082,cradle-1882(1).jpg
0.4562772887873608,canal-with-bridge-and-women-washing-1888(1).jpg
0.7264863242115379,starry-night-over-the-rhone.jpg
0.33546126816346167,le-moulin-de-la-galette-1886.jpg
0.4099520081044458,snowy-yard-1883.jpg
0.3494541572620922,a-road-in-st-remy-with-female-figures-1889(1).jpg
0.47345242709869834,avenue-with-flowering-chestnut-trees-at-arles-1889(1).jpg
0.14494935838434966,study-of-two-peasants-1885-1.jpg
0.6184257652166828,public-garden-with-a-corner-of-the-yellow-house-1888.jpg
0.34148826233053775,orphan-man-with-top-hat-and-umbrella-under-his-arm-1882.jpg
0.18138995050735096,scheveningen-woman-sewing-1882.jpg
0.780799262495458,plain-near-auvers-1890.jpg
0.41476266822851965,peasant-woman-stooping-and-gleaning-1885.jpg
0.35918824429283686,still-life-vase-with-rose-mallows-1890(1).jpg
0.5163649781238382,orchard-in-blossom-plum-trees-1888.jpg
0.429584909737068,still-life-pink-roses-1890.jpg
0.38576373011770115,summer-evening-wheatfield-with-setting-sun-1888.jpg
0.2783241171759011,woman-with-baby-on-her-lap-half-length-1883.jpg
0.3187033082052284,vincent-s-house-in-arles-the-yellow-house-1888.jpg
0.1486101632790882,two-sketches-of-a-man-leaning-on-his-spade-1867.jpg
0.6754904526157115,portrait-of-patience-escalier-1888.jpg
0.4494780470027825,vase-with-flieder-margerites-und-anemones-1887.jpg
0.734742454860921,houses-among-trees-with-a-figure-1890.jpg
0.3154814247072703,self-portrait-with-bandaged-ear-1889-1.jpg
0.5001554614453642,farmhouse-with-wheat-field-along-a-road-and-field-with-flowers-1888(1).jpg
0.39818547822690886,four-men-on-a-road-with-pine-trees-1890(1).jpg
0.43468525455200985,head-of-a-woman-6(1).jpg
0.1428250697632312,studies-for-figures-carrying-bundles-of-wood-1885.jpg
0.4232444968450124,thatched-sandstone-cottages-in-chaponval-1890.jpg
0.2987847385169148,village-street-and-steps-in-auvers-with-figures-1890.jpg
0.8925412284662829,the-starry-night-1888-1.jpg
0.7167754145889931,enclosed-field-with-peasant-1889(1).jpg
0.522270080637965,landscape-with-path-and-pollard-trees-1888.jpg
0.28533634895617443,five-persons-at-a-meal-1885(1).jpg
0.15648072351644296,the-potato-eaters-1885-1.jpg
0.12466391028609206,bending-woman-1882(1).jpg
0.2164429986564338,portrait-of-armand-roulin-1888-1.jpg
0.3200007722995838,lange-vijverberg-hague-1883.jpg
0.4623807167938784,woman-reading-a-novel-1888.jpg
0.2251151115506725,sien-nursing-baby-1882-1.jpg
0.6659638739657504,the-voyer-d-argenson-park-in-asnieres-1887.jpg
0.2670172917631377,seascape-at-saintes-maries-1888.jpg
0.6649699621293133,road-with-cypresses-1890.jpg
0.23987598659341172,three-hands.jpg
0.17090142528887958,vase-with-flowers.jpg
0.25354832299984514,pine-trees-seen-against-the-wall-of-the-asylum-1889-1.jpg
0.46527191258418354,two-pinetrees-1889.jpg
0.22770181565200512,peasant-woman-digging-1885-1.jpg
0.2835916411827132,fisherman-with-sou-wester-head-1883(1).jpg
0.18771481937577433,young-man-with-a-hat-1888.jpg
0.6069387854189663,cottages-with-thatched-roofs-and-figures-1890(1).jpg
0.19633011466085984,sower-1882-2.jpg
0.4301968246498613,olive-trees-against-a-slope-of-a-hill-1889.jpg
0.3327400913117261,wheatfield-with-cypress-tree-1889.jpg
0.25316630974341264,sketches-of-a-hen-and-a-cock-1890.jpg
0.45930270780346155,the-raising-of-lazarus-1890.jpg
0.2467747783091286,meadow-in-the-background-new-church-1882.jpg
0.340804002032592,still-life-vase-with-fourteen-sunflowers-1889.jpg
0.20516346059703525,sien-nursing-baby-half-figure-1882-1.jpg
0.2882835625792211,farmhouses-in-a-wheat-field-near-arles-1888(1).jpg
0.14955425558398466,man-winding-yarn-1884.jpg
0.41830191549179946,auvers-town-hall-in-14-july-1890-1890(1).jpg
0.29158522472315207,the-langlois-bridge-at-arles-with-road-alongside-the-canal-1888.jpg
0.5744566759618298,the-garden-with-sunflower-1887.jpg
0.1786022435878801,death-s-head-moth-1889(1).jpg
0.6935897515864046,breton-women-1888(1).jpg
0.20161331953331937,plaster-statuette-of-a-female-torso-1887.jpg
0.3511348771782144,sheet-with-figures-and-hands-1890.jpg
0.1045366214498299,peasants-planting-potatoes-1884.jpg
0.7114058920408781,road-with-pollard-willows-1881-1.jpg
0.2112298482047229,landscape-with-windmill-1881.jpg
0.5332750155495266,field-with-houses-under-a-sky-with-sun-disk-1888(1).jpg
0.2836946415609348,woman-with-a-broom-1882-1.jpg
0.15769696620422488,sorrowing-woman-1887.jpg
0.3068417786366976,trees-in-a-field-on-a-sunny-day-1887.jpg
0.3226623651640334,self-portrait-1888-1.jpg
0.3275172511260409,vineyards-with-a-view-of-auvers-1890.jpg
0.39320189559889496,the-langlois-bridge-1888.jpg
0.4705542154582044,orchard-with-blossoming-apricot-trees-1888.jpg
0.30494369776406416,wheat-field-with-cornflowers-1890.jpg
1.0319807704061186,public-garden-with-fence-1888.jpg
0.30519796799441284,an-old-man-putting-dry-rice-on-the-hearth-1881(1).jpg
0.38022712082949506,beach-and-boats-1882(1).jpg
0.39090047292702573,l-ecorche-1887.jpg
0.3097782744297115,peasant-woman-planting-beets-1885.jpg
0.33952644338215177,vicarage-at-nuenen-1885.jpg
0.26858614767215516,the-baby-marcelle-roulin-1888-1.jpg
0.5107885047738685,flowerpot-with-chives-1887(1).jpg
0.1349105761729621,portrait-of-armand-roulin-1888.jpg
0.18032084842354182,study-of-two-peasants-1885.jpg
0.3603139608865638,a-lane-in-the-public-garden-with-benches-1888(1).jpg
0.35617593480400955,two-women-in-a-balcony-box-1885.jpg
0.205550601349734,mantelpiece-with-chair-1890.jpg
0.4069964454069584,the-trinquetaille-bridge-1888.jpg
0.586466912101546,la-crau-with-peach-trees-in-bloom-1888.jpg
0.1707720023439275,sower-with-hand-in-sack-1881.jpg
0.5249422056347102,bridges-across-the-seine-at-asnieres-1887(1).jpg
0.23273905682210555,road-running-beside-the-paris-ramparts-1887.jpg
0.5014295050039227,trees-and-shrubs-1889.jpg
0.24525902042318007,man-sitting-reading-a-book-1882.jpg
0.18117148714994352,landscape-with-dunes-1883.jpg
0.1593229657589499,barred-windows(1).jpg
0.16545098904794636,study-of-three-peasants-one-sitting-1885.jpg
0.16500042026953987,orphan-man-with-long-overcoat-and-umbrella-seen-from-the-back-1882.jpg
0.17315459718162313,part-of-a-portrait-of-anthon-van-rappard-1884.jpg
0.30776659325896716,still-life-with-two-sacks-and-a-bottle-1884.jpg
0.24957528502813886,french-peasant-woman-suckling-her-baby-after-dalou(1).jpg
0.18247455044748584,miners-wives-carrying-sacks-of-coal-1882.jpg
0.1808248658177772,peasant-woman-sowing-with-a-basket-1881.jpg
0.4236011387852587,plowman-with-stooping-woman-and-a-little-farmhouse-with-piles-of-peat-1883.jpg
0.5238467090091957,large-plane-trees-1889.jpg
0.6363557412786168,two-women-working-in-the-field-1890.jpg
0.4755264333027517,two-men-walking-in-a-landscape-with-trees-1890.jpg
0.2903358191921408,sower-facing-left.jpg
0.23762845141277458,sien-nursing-baby-1882.jpg
0.3202099721625877,factories-at-asnieres-seen-from-the-quai-de-clichy-1887(1).jpg
0.3631494667269831,stooping-woman-with-net-1883.jpg
0.36379091548086356,stone-steps-in-the-garden-of-the-asylum-1889.jpg
0.5822996462282191,peasant-sitting-by-the-fireplace-worn-out-1881-1.jpg
0.2410413223015643,three-hands-two-with-knives.jpg
0.21526984586911618,man-breaking-up-the-soil-1883.jpg
0.16928304604832975,peasant-woman-tossing-hay-seen-from-the-back-1885.jpg
0.3578957289273486,still-life-majolica-jug-with-wildflowers-1888.jpg
0.24668531452837156,factories-seen-from-a-hillside-in-moonlight-1887(1).jpg
0.11541674658339401,still-life-with-beer-mug-and-fruit-1881.jpg
0.15436921378365284,still-life-with-yellow-hat-1885.jpg
0.521158262461569,undergrowth-with-two-figures-1890.jpg
0.19739514257955112,woman-with-shawl-over-her-hair-head-1883.jpg
0.22567699560788504,peasant-woman-head-6.jpg
0.32381336330488647,head-of-a-fisherman-with-a-sou-wester-1883(1).jpg
0.24322575313095535,still-life-bowl-with-daisies-1888.jpg
0.5327648325144075,peach-trees-in-blossom-1889.jpg
0.523854093404376,harvest-landscape-1888-1(1).jpg
0.20942922411151788,sien-with-child-on-her-lap-1882.jpg
0.2966781299119502,the-langlois-bridge-at-arles-1888-2.jpg
0.4648798385518741,man-with-his-head-in-his-hands-1882.jpg
0.16365462819418022,girl-kneeling-by-a-cradle-1883(1).jpg
0.15658189054457403,view-of-paris-from-montmartre-1886.jpg
0.37971249502722365,garden-in-the-snow-1885(1).jpg
0.25172872925527484,still-life-glass-with-carnations-1890.jpg
0.23339182538178369,alley-bordered-by-trees-1884(1).jpg
0.38585839077200845,sheet-with-sketches-of-working-people-1890-1.jpg
0.20296043181832393,peasant-woman-head-1.jpg
0.21224577676203538,peasant-woman-carrying-wheat-in-her-apron-1885.jpg
0.5468562491991632,the-mill-of-alphonse-daudet-at-fontevieille-1888.jpg
0.383322454506363,peasant-woman-seen-against-the-window-head-and-whole-figure-1885.jpg
0.26123615831955727,pine-trees-in-front-of-the-wall-of-the-asylum-1889.jpg
0.13496893442071717,two-hands-2.jpg
0.2990195230125373,interior-with-peasant-woman-peeling-potatoes-1885.jpg
0.35695726117576065,sower-with-setting-sun-1888-3.jpg
0.5320457241330714,thatched-houses-against-a-hill-1890.jpg
0.27328589690018507,entrance-to-the-moulin-de-la-galette-1887.jpg
0.30504650742088113,fisherman-with-basket-on-his-back-1882(1).jpg
0.328039360759012,woman-digging-1883.jpg
0.6352391251230086,fishing-boats-on-the-beach-1888(1).jpg
0.2719568248795267,skull-with-burning-cigarette-1885.jpg
0.25401770508208515,enclosed-wheat-field-with-reaper-1889(1).jpg
0.35753167176023076,wheat-field-with-cypresses.jpg
0.39680821541151096,drawbridge-with-lady-with-parasol-1888(1).jpg
0.26353365941685974,orphan-man-with-long-overcoat-cleaning-boots-1882.jpg
0.26423360170789434,cows-1890(1).jpg
0.2968686931549525,sien-with-cigar-sitting-on-the-floor-near-stove-1882.jpg
0.3484433554355974,park-with-figures.jpg
0.21308671715001892,cottages-with-a-woman-working-in-the-foreground-1890(1).jpg
0.20272912520905084,unfinished-sketch-of-an-interior-with-a-pan-above-the-fire-1881.jpg
0.20344591122449843,woman-with-shawl-sewing-1883.jpg
0.3884381986392275,vase-with-daisies-1887.jpg
0.44577288047986124,austin-friars-church-london(1).jpg
0.4657700340057264,olive-trees-in-a-mountain-landscape-1889-1.jpg
0.263519386888557,landscape-with-bridge-across-the-oise-1890.jpg
0.7183461291029094,two-peasant-women-digging-in-field-with-snow-1890.jpg
0.16207911275290898,peasant-woman-with-shawl-over-her-head-seen-from-the-side-2-1885.jpg
0.14381455932363785,head-of-a-peasant-woman-with-white-cap-1885-4(1).jpg
0.31490518323205474,stocky-man-1885.jpg
0.22496833287724777,woman-in-dark-dress-walking-1886.jpg
0.17189965507263275,standing-male-nude-seen-from-the-front-1.jpg
0.1112627632401424,sheet-with-a-few-sketches-of-figures-1890.jpg
0.6093800498794693,olive-grove-bright-blue-sky-1889-1.jpg
0.14665791549553897,seated-male-nude-seen-from-the-back.jpg
0.1423127904728568,peasant-woman-1885.jpg
0.2492177666592766,three-woodcutters-walking-1884.jpg
0.35294774723596967,the-tarascon-diligence-1888.jpg
0.30866500823107645,still-life-vase-with-fifteen-sunflowers-1888.jpg
0.41567835423305527,portrait-of-alexander-reid-1887.jpg
0.4807728324268706,woman-walking-her-dog-1886.jpg
0.257480921184327,digger-1881(1).jpg
0.25456908111310783,head-of-a-peasant-woman-with-dark-cap-1885-5(1).jpg
0.9619832753800819,bush-in-the-park-at-arles-1888(1).jpg
0.4846220803225536,wheatfield-with-reaper-and-peasant-woman-binding-sheaves-1885.jpg
0.42132205291854363,still-life-with-four-sunflowers-1887.jpg
0.18387175863335428,portrait-of-eugene-boch-1888.jpg
0.40129345296180086,house-with-sunflowers-1887.jpg
0.5975021308440508,landscape-near-montmajour-with-train-1888.jpg
0.2669813702945356,double-bass-player-1887(1).jpg
0.17734437399957037,head-of-an-old-peasant-woman-with-white-cap-1884.jpg
0.31974315636498246,daughter-of-jacob-meyer-1881(1).jpg
0.24274520620518508,clock-clog-with-cutlery-and-a-spoon-rack-1885(1).jpg
0.6597965770773545,vincent-s-bedroom-in-arles-1888-1.jpg
0.3332781750100459,head-of-an-angel-after-rembrandt-1889.jpg
0.1303246737644648,dunes-with-figures-1882-1(1).jpg
0.7127974540982734,haystacks-near-a-farm-1888(1).jpg
0.36537230236044543,pollard-birches-1884.jpg
0.2650993205689914,man-and-woman-seen-from-the-back-1882.jpg
0.3689419517577418,fishing-boats-on-the-beach-at-saintes-maries-de-la-mer-1888(1).jpg
0.4321752001183925,cafe-terrace-place-du-forum-arles-1888(1).jpg
0.35155076943742974,still-life-with-bloaters-and-garlic-1887.jpg
0.31802852252902436,pine-trees-in-front-of-the-wall-of-the-asylum-1889-1.jpg
0.6710562128383136,a-fishing-boat-at-sea-1888-2(1).jpg
0.24249403597680808,almond-tree-in-blossom-1888(1).jpg
0.23070436017209553,sketches-of-heads-1884.jpg
0.20083071804114794,gardener-near-a-gnarled-apple-tree-1883(1).jpg
0.4953067550177588,still-life-with-irises-1890.jpg
0.1999815572666816,lower-part-of-the-windmill-de-laakmolen-1882.jpg
0.15791597758284567,little-stream-surrounded-by-bushes-1890.jpg
0.1719578280696193,four-people-on-a-bench-1882(1).jpg
0.3242194069496239,torn-up-street-with-diggers-1882.jpg
0.3069998328869062,sower-after-millet-1889(1).jpg
0.30085432876514595,gypsies-at-saintes-maries-1888(1).jpg
0.21639652085499259,vase-with-asters-salvia-and-other-flowers-1886.jpg
0.22955016831543432,lying-cow-1883.jpg
0.2244019417063192,interior-with-peasant-woman-sewing-1885-1.jpg
0.5268125918782605,the-restaurant-de-la-sirene-at-asnieres-1887.jpg
0.3197853124032375,peasant-woman-head-8.jpg
0.36191305435263177,adeline-ravoux.JPG
0.38574161125025913,self-portrait-with-felt-hat.jpg
0.5066092085057831,head-of-a-woman-1886-1.jpg
0.2717895144487438,peasant-woman-binding-sheaves-after-millet-1889.jpg
0.38338120132638054,view-from-the-window-of-vincent-s-studio-in-winter-1883-1.jpg
0.42642798290991846,a-pork-butcher-s-shop-seen-from-a-window-1888(1).jpg
0.17503117850112515,vase-with-zinnias-and-geraniums-1886.jpg
0.27965835918091075,dying-slave-and-figures-at-a-table-1887(1).jpg
0.29339763639860184,stooks-and-a-peasant-stacking-sheaves-1885.jpg
0.3611697525768576,rest-work-after-millet-1890.jpg
0.16683975818710145,peasant-woman-at-the-washtub-1885.jpg
0.41661584091095916,the-boulevard-de-clichy-1887.jpg
0.6700541905575723,parsonage-garden-1884.jpg
0.5281420145079002,woman-sitting-on-a-basket-with-head-in-hands-1883.jpg
0.4318538894199272,landscape.jpg
0.14454958151066016,old-woman-with-a-shawl-and-a-walking-stick-1882.jpg
0.11928737009585227,plaster-statuette-of-a-female-torso-1886-1.jpg
0.5168088275978487,wheat-field-at-auvers-with-white-house-1890.jpg
0.17719108193625357,the-schoolboy-camille-roulin-1888.jpg
0.18223745300467856,snowy-landscape-with-the-old-tower-1883.jpg
0.16764010361195544,hand-1885-1(1).jpg
0.3211368261321343,sowers-1882.jpg
0.300510262567065,field-with-factory-1888(1).jpg
0.588241832684046,rocks-with-oak-tree-1888.jpg
0.26494683753647236,bridge-and-houses-on-the-corner-of-herengracht-prinsessegracht-1882(1).jpg
0.2184394758407233,vase-with-daisies-and-anemones-1887.jpg
0.4545753317052181,head-of-a-woman-4.jpg
0.42441788661199237,enclosed-field-with-ploughman-1889-1(1).jpg
0.20495748002183006,still-life-with-blue-enamel-coffeepot-earthenware-and-fruit-1888.jpg
0.18656748072104906,woman-with-hat-coat-and-pleated-dress-1882.jpg
0.12344069037517774,basket-of-carnations-and-zinnias-1886(1).jpg
0.3713546468263058,road-with-trees-1888.jpg
0.2461581597470098,head-of-a-woman-1884.jpg
0.4033521320291718,peasant-woman-digging-1890.jpg
0.386971730175821,head-of-a-woman-3.jpg
0.36610753532990364,peasant-lifting-potatoes-1885.jpg
0.23556187779858942,field-of-spring-wheat-at-sunrise-1889(1).jpg
0.4888542655087724,woman-pianist-and-a-violinist-1887.jpg
0.5231535518218083,self-portrait-as-an-artist-1888.jpg
0.34991961655897463,peasant-digging-1890.jpg
0.23387528886752856,man-with-saw-1881.jpg
0.15649655914467217,still-life-with-a-basket-of-apples-and-two-pumpkins-1885.jpg
0.40136657292376454,head-of-a-woman-1883.jpg
0.22326710529796898,man-praying-1883.jpg
0.22782261061212625,baby(1).jpg
0.4479556224017022,the-man-is-at-sea-after-demont-breton-1889.jpg
0.22362223624700878,peasant-woman-with-broom-1885.jpg
0.10492202628348193,new-born-calf-lying-on-straw.jpg
0.35455590597845005,sketches-of-a-man-with-a-ladder-other-figures-and-a-cemetery-1885.jpg
0.3056558969265814,peasant-woman-lifting-potatoes-6-1885.jpg
0.18260627943608287,reaper-1885-2.jpg
0.2694401230578553,snowy-landscape-with-stooping-woman-1883.jpg
0.3265535294682568,women-miners-1882.jpg
0.40400769184456903,haystack-under-a-rainy-sky-1890(1).jpg
0.20677170897710181,sien-pregnant-walking-with-older-woman-1882.jpg
0.2668564620696652,ploughman-in-the-fields-near-arles-1888.jpg
0.37450024596630965,standing-male-nude-1887.jpg
0.13955253025834097,farmhouses-in-loosduinen-near-the-hague-at-twilight-1883(1).jpg
0.11083634158905063,head-of-a-peasant-woman(1).jpg
0.3113556954339719,portrait-of-père-tanguy-1888.jpg
0.27382881069931836,the-seine-with-the-pont-de-clichy-1887.jpg
0.20390071417719877,head-of-an-old-woman-with-white-cap-the-midwife-1885(2).jpg
0.5732173730332438,still-life-with-two-sunflowers-1887.jpg
0.3728699734608067,carpenter-s-yard-and-laundry-1882(1).jpg
0.5379528182365427,the-starry-night-1889-1.jpg
0.15139907462690388,man-standing-reading-a-book-1882.jpg
0.14762329454285317,orphan-man-with-top-hat-and-umbrella-looking-at-his-watch-1882.jpg
0.2354067760250398,plaster-statuette-of-a-male-torso-1886.jpg
0.3488137403315226,landscape-at-nuenen.jpg
1.1096980461423551,newly-mowed-lawn-with-weeping-tree-1888.jpg
0.47565058086450845,girl-near-the-stove-grinding-coffee-1882(1).jpg
0.533047796634306,landscape-with-carriage-and-train-1890.jpg
0.29447399866625473,torso-of-venus-and-a-landscape-1887.jpg
0.2979571456928147,old-woman-asleep-after-rops-1873.jpg
0.20480131325164197,head-of-a-man-with-a-top-hat-1887(1).jpg
0.2405355606860215,orphan-man-with-top-hat-head-1882.jpg
0.16157195139030886,woman-with-striped-skirt-1890.jpg
0.2392000238047723,torso-of-venus-5.jpg
0.38837451304417464,houses-among-trees-1890.jpg
0.2710993310279673,blossoming-branches(1).jpg
0.2545691791807561,orphan-man-with-a-baby-in-his-arms-1883.jpg
0.4040659098989693,self-portrait-1889-1.jpg
0.27067262588244906,study-for-reclining-female-nude-1887.jpg
0.7664969582416314,the-alpilles-with-olive-trees-in-the-foreground-1889.jpg
0.21895809716628534,peasant-woman-by-the-hearth.jpg
0.17888014763902507,the-green-parrot-1886.jpg
0.3500436009005926,avenue-of-poplars-1884(1).jpg
0.3019578745111732,the-moulin-de-la-galette-1886.jpg
0.7782701157608146,self-portrait-with-pallette-1889.jpg
0.38225293016314865,vase-with-carnations-and-bottle-1886.jpg
0.19592976809627358,baskets-of-potatoes-1885(1).jpg
0.762363842509817,avenue-of-plane-trees-near-arles-station-1888(1).jpg
0.18418204972796062,standing-female-nude-seen-from-the-back.jpg
0.12561310644555945,sketch-of-a-woman-with-a-baby-in-her-lap-1890.jpg
0.4004910985373136,carpenter-seen-from-the-back-1882(1).jpg
0.40571371210377805,a-meadow-in-the-mountains-1889(1).jpg
0.11524768255774716,standing-female-nude-seen-from-the-front-1886.jpg
0.4744004675521484,women-working-in-the-peat-1883.jpg
0.45528516742189895,factory-1882(1).jpg
0.23478563442941508,woman-sewing-1881-1.jpg
0.23528199022297347,landscape-with-windswept-trees-1884.jpg
0.306803495324834,an-almshouse-man-in-a-top-hat-1882(1).jpg
0.16580315323377587,head-of-a-woman-11.jpg
0.33445617193711474,the-house-of-pere-eloi-1890.jpg
0.7049790341179735,public-park-with-weeping-willow-the-poet-s-garden-i-1888.jpg
0.30435690360915263,farmhouse-in-provence-1888(1).jpg
0.2510956289073983,sketch-of-an-eroded-garden-wall-ornament-1890-1.jpg
0.2725786568630622,trees-and-undergrowth-1887-1.jpg
0.17619942584655865,still-life-with-basket-of-apples-1885.jpg
0.428906989691665,van-stolkpark-1882.jpg
0.15936693378436653,bench-with-four-persons-and-baby-1882(1).jpg
0.79379852686061,sower-1888-1.jpg
0.22075545913966282,orchard-in-blossom-with-two-figures-spring-1888.jpg
0.13231409905165933,woman-with-white-cloth-around-her-head-sitting-on-a-bench-1883.jpg
0.503021476730126,head-of-a-woman-16.jpg
0.3953649915995239,driveway(1).jpg
0.3745339901881754,portrait-of-the-postman-joseph-roulin-1889.jpg
0.32750231502654875,portrait-of-doctor-gachet-1890.jpg
0.5090091205383084,mother-roulin-with-her-baby-1888-1.jpg
0.2677886139772431,scheveningen-women-and-other-people-under-umbrellas-1882.jpg
0.31889501656337127,basket-of-sprouting-bulbs-1887(1).jpg
0.15969294385235436,peasant-woman-stooping-and-gleaning-1885-1.jpg
0.400488538919792,antique-3840760.jpg
0.7998333495477932,the-rocks-with-oak-tree-1888.jpg
0.24459451053440126,old-woman-seen-from-behind-1882.jpg
0.21899480248865896,woman-with-a-broom-1882.jpg
0.2669582994562055,the-grote-markt-1885.jpg
0.21978460184314144,woman-sitting-by-the-fire-peeling-potatoes-1885.jpg
0.15617155367546603,still-life-with-cabbage-and-clogs-1881.jpg
0.6498542006637195,the-viaduct-and-the-trinquetaille-bridge-1888.jpg
0.999759292916086,alychamps-autumn-1888(1).jpg
0.17696533969958297,torso-of-venus-2.jpg
0.26802151976551614,mountains-at-saint-remy-with-dark-cottage-1889.jpg
0.2727365289782267,field-with-two-sowers-and-trees-1890(1).jpg
0.15541925848213187,man-loading-a-cart-1885.jpg
0.2803098389226769,wheat-fields-at-auvers-under-clouded-sky-1890.jpg
0.2996647964130584,village-street-sketch-1890.jpg
0.21229907485019509,pieta-1889.jpg
0.22997991860584432,hand-with-a-stick-and-four-people-sharing-a-meal-1885(1).jpg
0.1895078092593414,bobbin-winder-1885(1).jpg
0.3176889336881106,portrait-of-madame-ginoux-l-arlesienne-1888-1.jpg
0.3658511880866665,landscape-with-bog-oak-trunks-1883.jpg
0.0893599611999586,sketchbook.jpg
0.3401768395393095,sheet-with-figures-at-a-table-a-sower-clogs-etc-1890.jpg
0.5000078446353045,rowing-boats-on-the-banks-of-the-oise-1890.jpg
0.5025032741351906,harvest-at-la-crau-with-montmajour-in-the-background-1888.jpg
0.3236772237780806,self-portrait-1887.jpg
0.2654695187762204,orphan-man-with-top-hat-drinking-coffee-1882-1.jpg
0.36742707401219193,still-life-with-drawing-board-pipe-onions-and-sealing-wax-1889.jpg
0.16901867743984514,still-life-with-basket-of-apples-to-lucien-pissarro-1887.jpg
0.34298617147980975,church-pew-with-worshippers-1882(1).jpg
0.29405463169923823,entrance-to-the-pawn-bank-the-hague-1882(1).jpg
0.1950765935501712,peat-diggers-in-the-dunes-1883.jpg
0.1791917041594375,la-crau-1888.jpg
0.21215844447954993,peasant-woman-working-with-a-long-stick-1885.jpg
0.4378771176973399,olive-grove-orange-sky-1889.jpg
0.14404912843619855,basket-of-potatoes-1885-1(1).jpg
0.2569773522099722,basket-of-potatoes-1885(1).jpg
0.24638708861524947,potato-harvest-with-two-figures-1884.jpg
0.350975439013449,churchyard-in-winter-1883-1(1).jpg
0.22747453798946388,dead-leaf-and-pod-1890(1).jpg
0.1545012875220442,plaster-statuette-of-a-kneeling-man-1886.jpg
0.5311642535766758,trees-in-the-garden-of-the-asylum-1889.jpg
0.2124664511768661,woman-sitting-by-a-cradle-1887.jpg
0.4537590631599249,weaver-standing-in-front-of-a-loom-1884.jpg
0.2413659124758158,self-portrait-with-pipe-1886-1.jpg
0.3072398915921149,woman-grinding-coffee-1881.jpg
0.2747747676779185,sketches-for-the-drawing-of-an-auction-1885.jpg
0.6616686322645366,view-of-arles-from-a-hill-1888.jpg
0.18029571282391216,hands-with-a-stick-1885(1).jpg
0.27062497266048324,female-nude-seated-1886-1(1).jpg
0.17559134711857724,portrait-of-a-woman-madame-tanguy.jpg
0.23874554528312883,arles-view-from-the-wheat-fields-1888(1).jpg
0.27270657275770627,montmartre-the-quarry-and-windmills-1886-1.jpg
0.23720898569789323,backyards-of-old-houses-in-antwerp-in-the-snow-1885.jpg
0.448691284494183,woman-in-the-cafe-tambourin-1887.jpg
0.19786962842941905,hand-with-bowl-and-a-cat-1885(1).jpg
0.2975790129350633,sower-1884.jpg
0.3348728192799647,self-portrait-1887-9.jpg
0.15244041523536647,peasant-woman-binding-sheaves-1885.jpg
0.4435797433268615,vegetable-gardens-in-montmartre-1887.jpg
0.22816227333019842,still-life-with-five-bottles-1884.jpg
0.2165158884849443,pine-trees-near-the-wall-of-the-asylum-1889-1.jpg
0.3630504243606504,mademoiselle-gachet-in-her-garden-at-auvers-sur-oise-1890.jpg
0.49702405215173057,worn-out-1882.jpg
0.2653789964681432,soup-distribution-in-a-public-soup-kitchen-1883.jpg
0.31807036013689777,woman-by-the-wash-tub-in-the-garden-1885.jpg
0.48043249416676903,olive-grove-pale-blue-sky-1889.jpg
0.18529144093724254,studies-of-three-peasants-and-a-head-1885.jpg
0.27778631736963466,six-sketches-of-figures-among-others-a-man-sowing-wheat-1890.jpg
0.177418648595264,girl-sitting-knitting-1882(1).jpg
0.1931330481969565,portrait-possibly-of-willemien-van-gogh-1881.jpg
0.34691857689887173,flower-pot-with-asters-1886(1).jpg
0.2851488167741364,the-little-arlesienne-1890.jpg
0.5135287976931177,antique-3840752.jpg
0.19281968159751603,study-for-woman-sitting-by-a-cradle-1887.jpg
0.22134755610342166,three-peasants-at-a-meal-1890.jpg
0.5919239331040261,trees-in-the-asylum-garden-1889.jpg
0.6606491565798618,wheat-field-with-sheaves-and-arles-in-the-background-1888-1.jpg
0.21592036759710417,seated-woman-3-1885.jpg
0.38748829421776365,view-of-auvers-1890.jpg
0.5858024804876727,olive-grove-bright-blue-sky-1889.jpg
0.4000975169234812,japonaiserie-oiran-after-kesai-eisen-1887.jpg
0.4315903480408909,beach-and-sea-1882(1).jpg
0.23124569365344705,head-of-a-man-bareheaded-1885(1).jpg
0.5119462668982986,head-of-a-man(1).jpg
0.2073361724047964,still-life-with-clogs-and-pots-1884.jpg
0.25908010785459884,scheveningen-woman-with-wheeelbarrow-1883.jpg
0.23127157358181366,self-portrait-1887-7.jpg
0.2813398377424987,shed-with-sunflowers-1887.jpg
0.21248973726545656,donkey-cart-with-boy-and-scheveningen-woman-1882(1).jpg
0.20312240816726757,couple-arm-in-arm-and-other-figures-with-a-windmill-in-the-background-1890(1).jpg
0.669780627178563,orchard-surrounded-by-cypresses-1888.jpg
0.6676858374898891,the-gully-peiroulets-1889-1.jpg
0.296299587081576,peasant-girl-standing-1881.jpg
0.47493287629117437,fritillaries-in-a-copper-vase-1887(1).jpg
0.21707620027880534,head-of-a-young-peasant-in-a-peaked-cap-1885.jpg
0.6055206532887742,arums(1).jpg
0.24059695745565993,restaurant-de-la-sirene-at-asnieres-1887-1.jpg
0.19988630956996747,torso-of-venus.jpg
0.2493258775303464,two-cut-sunflowers-1887.jpg
0.25091457853374105,the-garden-of-saint-paul-hospital-1889.jpg
0.39281226107590805,torso-of-venus-1887-1.jpg
0.1932821440536123,bird-s-eye-view-of-saint-remy-1889(1).jpg
0.7166249023918156,memory-of-the-garden-at-etten-1888.jpg
0.18667868799080362,a-lane-near-arles-1888(1).jpg
0.5154179523159922,lane-with-poplars.jpg
0.4584250556810274,a-girl-in-a-wood-1882(1).jpg
0.18502311184636042,orphan-man-with-umbrella-seen-from-the-back-1882.jpg
0.2570971336603086,a-pair-of-leather-clogs-1888(1).jpg
0.25247910409515884,the-hill-of-montmartre-with-quarry-1886.jpg
0.17306673434767492,head-of-a-peasant-woman-with-dark-cap-1885-7(1).jpg
0.22523332082358208,self-portrait-1889.jpg
0.3274749467287031,woodcutter-1885.jpg
0.28406027747932683,fisherman-with-sou-wester-sitting-with-pipe-1883-1(1).jpg
0.31692124009335404,sheaves-of-wheat-in-a-field-1885.jpg
0.28410607299980467,field-with-a-sower-1890(1).jpg
0.25847349164245775,studies-of-a-dead-sparrow-1885.jpg
0.48709437928176647,planting-beets-1885.jpg
0.44169403528651574,woman-preparing-a-meal-1885.jpg
0.43838943792903273,bathing-float-on-the-seine-at-asnieres-1887(1).jpg
0.5113180760685819,churchyard-in-the-rain-1883-1(1).jpg
0.36303576124904424,the-old-mill-1888.jpg
0.19773840926392022,idol-1.jpg
0.26973079423988755,milk-jug.jpg
0.13464472892716695,still-life-with-basket-and-six-oranges-1888.jpg
0.18044768851252097,water-wheels-of-mill-at-gennep-1884.jpg
0.31814171481337655,wild-flowers-and-thistles-in-a-vase-1890.jpg
0.3572152849665705,sketches-of-a-cottage-and-figures-2-1890.jpg
0.23195639985447183,landscape-with-a-church-1883.jpg
0.6091017350186531,weaver-facing-left-1884-1.jpg
0.15636357198294912,still-life-with-a-basket-of-crocuses-1887.jpg
0.1604860826238279,self-portrait-with-gray-felt-hat-1887.jpg
0.5062210765856383,farmhouse-in-a-wheat-field-1888-1(1).jpg
0.5831262110158315,farmer-with-straw-hat-1888(1).jpg
0.35179354521065187,the-langlois-bridge-at-arles-with-women-washing-1888(1).jpg
0.6801871894823226,lilac-bush-1889.jpg
0.3355325142678759,sand-diggers-in-dekkersduin-near-the-hague-1883.jpg
0.2302406253281231,girl-in-white-in-the-woods-1882(1).jpg
0.37590335453720986,the-gully-peiroulets-1889.jpg
0.13935722088056646,four-sketches-of-a-foot-1886(1).jpg
0.4390430902176121,the-bench-1882.jpg
0.36960145583718,a-mousmé-sitting-1888(1).jpg
0.7774685057067147,the-cafe-terrace-on-the-place-du-forum-arles-at-night-1888.jpg
0.608000434627097,windmills-at-montmartre-1886.jpg
0.2968747045131869,olive-trees-in-a-mountain-landscape-1889.jpg
0.23641090703468046,undergrowth-1887.jpg
0.16550138758694583,head-of-a-peasant-woman-with-dark-cap-1885-4(1).jpg
0.44779887853894607,breakwater-1883(1).jpg
0.3322855402582841,still-life-with-mussels-and-shrimp-1886.jpg
0.42213131963874406,winter-garden-1884.jpg
0.19221910393196637,young-man-sitting-with-a-cup-in-his-hand-half-length-1883.jpg
0.2516806254280031,beer-tankards-1885(1).jpg
0.26880531335510305,sketch-of-two-women-1890.jpg
0.2057709751974733,reaper-1885-1.jpg
0.29326650064788906,girl-with-a-shawl-1883(1).jpg
0.39718904300048113,churches-at-petersham-and-turnham-green(1).jpg
0.1585976871404231,peasant-woman-stooping-with-spade-possibly-digging-up-carrots.jpg
0.4680289751193872,two-diggers-among-trees-1889.jpg
0.3528091615703727,coal-shoveler-1879(1).jpg
0.31134530781914593,bowl-with-peonies-and-roses-1886(1).jpg
0.6872501366785262,orchard-with-blossoming-plum-trees-the-white-orchard-1888.jpg
0.1498924448708076,head-of-a-peasant-woman-with-greenish-lace-cap-1885(1).jpg
0.41839882936657036,the-fields-1890.jpg
0.2984494139385349,plaster-statuette-of-a-female-torso-1886-5.jpg
0.2748457352222767,view-from-the-window-of-vincent-s-studio-in-winter-1883.jpg
0.361576297782447,harvest-in-provence-1888(1).jpg
0.1817808719905199,head-of-a-peasant-woman-with-white-cap-1885-5(1).jpg
0.2774737262793144,olive-trees-1889.jpg
0.23894163780637648,seated-woman-1885.jpg
0.3909531205230515,windmill-on-montmartre-1886.jpg
0.1815659180850909,weed-burner-sitting-on-a-wheelbarrow-with-his-wife-1883.jpg
0.8108318977089607,meadow-in-the-garden-of-saint-paul-hospital-1890.jpg
0.4007745111185236,bench-in-a-wood-1882(1).jpg
0.4927049450466178,lane-with-poplars-near-nuenen-1885.jpg
0.5117910448023335,field-of-grass-with-dandelions-and-tree-trunks(1).jpg
0.2812056371473089,venus-in-a-top-hat.jpg
0.11769941263210755,man-carrying-peat-1882.jpg
0.23932659080624527,woman-peeling-potatoes-near-a-window-1881.jpg
0.36109411765529104,ditch-1884(1).jpg
0.4112998906669358,undergrowth-with-ivy-1889.jpg
0.32900859163564156,pear-tree-in-blossom-1888.jpg
0.2536387985143587,rooftops-1882.jpg
0.13249469270339795,corinthian-capital-1863(1).jpg
0.2066209087327791,bloaters-on-a-piece-of-yellow-paper-1889(1).jpg
0.9219316158908972,interior-with-woman-sewing.jpg
0.13716147197327844,plaster-statuette-of-a-female-torso-1886-2.jpg
0.14460708900581742,sien-peeling-potatoes-1883.jpg
0.18879464018834669,studies-of-the-interior-of-a-cottage-and-a-sketch-of-the-potato-eaters-1885.jpg
0.4135323013332482,oxcart-in-the-snow-1884.jpg
0.22379592164754503,antique-3937518.jpg
0.28766185686184875,orphan-man-with-cap-half-length-1883.jpg
0.15117880452720334,cart-with-black-ox-1884(1).jpg
0.5018674538501179,the-green-wheatfield-behind-the-asylum-1889.jpg
0.3531034796465029,père-tanguy.jpg
0.2992415832679102,two-women-crossing-the-fields-1890.jpg
0.20602152317213707,horse-and-carriage-1890.jpg
0.21510264152871225,woman-cutting-bread-1885.jpg
0.3576822085377333,peasant-woman-with-spade-1885.jpg
0.6606373600022057,a-fishing-boat-at-sea-1888-3(1).jpg
0.2668345432735918,head-of-a-man-4(1).jpg
0.4340509978977014,oleanders-the-hospital-garden-at-saint-remy-1889.jpg
0.31921997420298076,head-of-a-woman-15.jpg
0.46262398790505993,still-life-with-apples-pears-lemons-and-grapes-1887.jpg
0.4884684300463062,landscape-with-house-and-ploughman-1889(2).jpg
0.5924981557929292,olive-grove-1889-1.jpg
0.29117088963990034,peasant-girl-half-figure.jpg
0.5781457777540451,people-in-the-studio-1883.jpg
0.37006752476973326,vase-with-honesty-1884.jpg
0.5849807676761538,field-with-stacks-of-wheat-1890(1).jpg
0.19123499770400057,the-landscape-in-drenthe-1883.jpg
0.501274607087131,marguerite-gachet-at-the-piano-1890.jpg
0.28411580206952736,old-man-warming-himself-1881.jpg
0.3171268121848916,the-parsonage-garden-in-the-snow-1885.jpg
0.194745987471639,bulb-fields-1883(1).jpg
0.7930434482557167,paul-gauguin-man-in-a-red-beret-1888.jpg
0.19532403142289517,a-sunday-in-eindhoven(1).jpg
0.26590758376109513,head-of-a-woman-9.jpg
0.31150935089905285,gypsum-torso-1886(1).jpg
0.2341181848079408,vase-with-flowers-coffeepot-and-fruit-1887.jpg
0.5215110930511282,landscape-with-the-oise-1890-1.jpg
0.3334645702970472,torso-of-venus-1.jpg
0.24307219618941148,the-gleize-bridge-over-the-vigneyret-canal-1888.jpg
0.19723884648830609,fisherman-s-wife-on-the-beach-1882(1).jpg
0.15977516537243203,head-of-a-peasant-1885(1).jpg
0.2843374192628753,farmers-working-in-the-field-1888(1).jpg
0.2905821726776769,peasant-man-and-woman-digging-1885.jpg
0.38467657906145597,dunes-1882(1).jpg
0.4206683998190423,a-woman-picking-up-a-stick-in-front-of-trees-1890(1).jpg
0.10440269885417078,town-d-avray-l-etang-au-batelier-1875.jpg
0.20119920142536274,cottages-with-three-figures-1890(1).jpg
0.3156338216555627,view-of-saintes-maries-1888.jpg
0.3188664888847937,wheat-field-with-trees-and-mower-1885.jpg
0.3238521373100217,roses-and-beetle-1890.jpg
0.45791967568486475,two-children-1890.jpg
0.2479936673052391,the-rispal-restaurant-at-asnieres-1887.jpg
0.2706716504692324,still-life-with-lemons-on-a-plate-1887.jpg
0.29804733748599743,people-walking-on-the-beach-1882.jpg
0.2603414594006108,lap-with-hands-and-a-bowl.jpg
0.21084125306106535,man-with-bowler-1885.jpg
0.2669183726320081,interior-with-a-weaver-facing-right-1883.jpg
0.20834866220136225,sheet-with-numerous-sketches-of-working-people-1890.jpg
0.18662129509807981,self-portrait-1889-2.jpg
0.17499318083904272,workman-with-spade-sitting-near-the-window-1883.jpg
0.4494081461004082,the-walk-falling-leaves-1889.jpg
0.5937623024846911,view-of-montmartre-1886.jpg
0.15017785907615655,a-carpenter-with-apron-1882(1).jpg
0.20372915281802867,orphan-man-holding-top-hat-in-his-hand-1882.jpg
0.3242120876335691,carriage-and-two-figures-on-a-road(1).jpg
0.35870422837145105,head-of-a-woman-12.jpg
0.27661205884074924,portrait-of-adeline-ravoux-1890.jpg
0.2509493803655194,still-life-french-novels.jpg
0.2186605980293259,woman-feeding-chickens-1883.jpg
0.393132474752951,sien-s-mother-s-house-seen-from-the-backyard-1882.jpg
0.2403763938400669,man-on-a-bench-1886.jpg
0.41136608540447867,cemetery-1883(1).jpg
0.5140799509074387,houses-with-thatched-roofs-1884.jpg
0.2904811007728276,head-of-a-fisherman-with-a-sou-wester-1883-1(1).jpg
0.1559941671581468,view-of-scheveningen-1882.jpg
0.4933679933553282,landscape-with-alphonse-daudet-s-windmill-1888.jpg
0.33132750999192156,beach-sea-and-fishing-boats-1888(1).jpg
0.24680173701853347,woman-with-white-shawl-in-a-wood-1882.jpg
0.4590325548586085,the-stone-bench-in-the-garden-at-saint-paul-hospital-1889.jpg
0.3205664176317006,st-catharina-s-church-at-eindhoven-1885.jpg
0.22816697477460787,l-ecorche-and-borghese-gladiator-1887.jpg
0.48738238386599786,peasant-with-sickle-1885.jpg
0.3229171618380032,a-group-of-figures-on-the-beach(1).jpg
0.5914659490749989,trunks-of-trees-with-ivy-1889.jpg
0.5260909015372279,pine-trees-near-the-wall-of-the-asylum-1889-2.jpg
0.5923163385905377,head-of-a-girl-1888(1).jpg
0.3946354241164796,the-bridge.jpg
0.23924270016847163,peasant-woman-lifting-potatoes-5-1885.jpg
0.18124572224150157,venus.jpg
0.23176165509382288,postman-joseph-roulin-1888.jpg
0.3913570113958671,road-with-pollard-willows-and-man-with-broom-1881.jpg
0.5439144940560483,a-marsh-1881(1).jpg
0.32616202944906814,green-wheat-field-with-cypress-1889-1(1).jpg
0.4126080345917173,antique-3840751.jpg
0.14908771053670813,still-life-with-vegetables-and-fruit-1885.jpg
0.285981968867494,sower-after-millet-1881.jpg
0.12024828828915954,chair-and-sketch-of-a-hand(1).jpg
0.21137295434662465,head-of-a-man-with-straw-hat-1885(1).jpg
0.17722138481472838,head-of-a-young-man(2).jpg
0.30952219218419613,chair-near-the-stove(1).jpg
0.4788959673087988,landscape-with-trees-1881.jpg
0.15586895208728047,portrait-of-père-tanguy.jpg
0.49716963258622154,daubigny-s-garden-with-black-cat-1890(1).jpg
0.2926988861132363,woman-praying-1883.jpg
0.3669272386802771,head-of-a-man-with-cap-lithographer-s-shade-1886(1).jpg
0.529174219894078,garden-of-the-asylum-1889(1).jpg
0.1764694440351463,portrait-of-the-postman-joseph-roulin-1889-1.jpg
0.15889868329641166,still-life-with-earthenware-bottle-and-clogs-1885.jpg
0.19635744647346678,sketch-of-clouds-with-colour-annotations-1890.jpg
0.20556918555294376,woman-with-white-bonnet-sien-s-mother-1882.jpg
0.21633264679508166,the-outskirts-of-paris-1886.jpg
0.36662433514706283,the-bookseller-blok-1882(1).jpg
0.31187111186353594,head-of-a-woman-with-her-hair-loose-1885(1).jpg
0.2082205291999486,seated-man-with-a-moustache-and-cap-1886.jpg
0.1266872477662877,the-old-tower-in-the-fields-1884.jpg
0.553919048322938,rocky-ground-at-montmajour.jpg
0.38720028819312663,still-life-vase-with-fifteen-sunflowers-1888-1.jpg
0.3760649244841069,autumn-landscape-1885(1).jpg
0.17219732114625771,still-life-with-coffee-mill-pipe-case-and-jug-1884.jpg
0.3145489158073529,interior-of-a-restaurant-in-arles-1888.jpg
0.4244775763126063,coal-barges-1888(1).jpg
0.3780073107205899,two-crabs-1889.jpg
0.29736035154233803,sand-diggers-1882.jpg
0.2900183312454793,still-life-vase-with-roses-1890.jpg
0.3554778116337203,portrait-of-a-young-peasant-1889.jpg
0.4914113816613628,cypresses(1).jpg
0.35849675786178237,the-seine-with-the-pont-de-la-grande-jette-1887.jpg
0.2657823977673984,l-arlesienne-portrait-of-madame-ginoux-1888-1.jpg
0.13070870622953504,study-of-a-woman-standing-two-heads-another-figure-1890.jpg
0.2826643621994452,orphan-man-wearing-a-blouse-with-broom-and-pipe-1882.jpg
0.30152417713916935,the-seine-with-a-rowing-boat-1887.jpg
0.4405996276394436,outskirts-of-paris-near-montmartre-1887.jpg
0.5283201508928909,path-to-the-beach-1883.jpg
0.26178968888295073,red-poppies-and-daisies-1890.jpg
0.3625883585024035,sien-under-umbrella-with-girl-1882.jpg
0.2434146441658274,the-seine-with-the-pont-de-clichy-1887-1.jpg
0.15689821121952938,landscape-with-a-stack-of-peat-and-farmhouses-1883.jpg
0.4158059996151555,road-with-telegraph-pole-and-crane-1888.jpg
0.27557458124379913,branch-with-leaves(1).jpg
0.18170109929700742,portrait-of-a-woman-1887.jpg
0.3139763375120383,orphan-man-with-long-overcoat-and-umbrella-seen-from-the-back-2-1882.jpg
0.16083833541142037,farmhouse-at-night-1883(1).jpg
0.2829501572664748,women-mending-nets-in-the-dunes-1882.jpg
0.282737461796925,orphan-man-1882.jpg
0.32490937931013103,wheat-fields-with-auvers-in-the-background-1890.jpg
0.32347428781953436,orphan-man-with-cap-seen-from-the-back-1882.jpg
0.4213206599479853,view-of-a-river-quay-and-bridge-1888.jpg
0.21716086649768973,idol-2.jpg
0.5274627399669302,the-church-at-auvers-1890.jpg
0.34556601978947316,diggers-in-torn-up-street-1882(1).jpg
0.2862899845634176,reaper-with-sickle-after-millet-1881.jpg
0.14119244621095933,self-portrait-1887-3.jpg
0.34856216048497024,wheat-field-behind-saint-paul-hospital-with-a-reaper-1889.jpg
0.4627417402595863,harvest-landscape-1888(1).jpg
0.15291983181799906,blind-man-sitting-in-interior(1).jpg
0.20037954837515143,peasant-with-sickle-seen-from-the-back-1885-3.jpg
0.29234554762242343,pollard-willow-1882-1.jpg
0.2006109569983627,can-books-wineglass-bread-and-arum-sketch-of-two-women-and-a-girl-1890(1).jpg
0.313190542689281,the-allotments-at-montmartre-1887.jpg
0.566182616866739,potato-field-1882.jpg
0.3145785906721718,edge-of-a-wheatfield-with-poppies-1887(1).jpg
0.2806741341183672,portrait-of-milliet-second-lieutnant-of-the-zouaves-1888.jpg
0.4607717554545606,enclosed-field-with-a-sower-in-the-rain-1889(1).jpg
0.10156941966561467,head-of-a-peasant-woman-in-a-green-shawl-1885(1).jpg
0.4481953671458124,field-and-ploughman-and-mill-1889(1).jpg
0.32110798329150514,landscape-with-cottages-1890.jpg
0.2269893378515891,saw-mill-1882.jpg
0.38901725771105394,field-with-bare-tree(1).jpg
0.2015893262654371,plaster-statuette-of-a-horse-1886.jpg
0.19503364193709474,peasant-chopping-1885.jpg
0.3686569277006411,farmhouse-in-a-wheat-field-1888(1).jpg
0.24496299163195898,wheat-fields-with-stacks-1888.jpg
0.13408234518337434,two-women-talking-to-each-other-while-digging-1885.jpg
0.31922583233464996,orchard-and-house-with-orange-roof-1888-1.jpg
0.5670893902266486,the-vicarage-garden-1884.jpg
0.4548159393432861,orphan-man-sitting-with-a-girl-1882.jpg
0.3356330676957757,orchard-in-blossom-bordered-by-cypresses-1888-1.jpg
0.2692195271315083,self-portrait-1887-4.jpg
0.38640187494475564,female-nude-standing-1886(1).jpg
0.20470104529541805,edge-of-a-wood-1882(1).jpg
0.4371195625176819,the-ploughed-field-1888.jpg
0.27188847580748887,plaster-statuette-of-a-female-torso.jpg
0.32917502477022303,peasant-lifting-beet-1885.jpg
0.13812930794544429,cluster-of-old-houses-with-the-new-church-in-the-hague-1882(1).jpg
0.19399189299161326,orphan-man-wearing-a-blouse-sitting-with-pipe-1882.jpg
0.16357563751419457,still-life-with-scabiosa-and-ranunculus-1886.jpg
0.18758217171554986,peasant-with-sickle-seen-from-the-back-1885-4.jpg
0.2052839464993656,cottages-1883(1).jpg
0.3509058221716304,sheep-shearers-the-after-millet-1889.jpg
0.18987506904831752,two-self-portraits-and-several-details-1886.jpg
0.252165470389304,barn-and-farmhouse(1).jpg
0.19206182088498686,portrait-of-patience-escalier-1888-1.jpg
0.378965745524892,head-of-a-woman-7(1).jpg
0.21320253214280144,vase-with-red-and-white-carnations-on-a-yellow-background-1886.jpg
0.33596353614168,girl-with-ruffled-hair-the-mudlark-1888(1).jpg
0.43578216217399807,woman-on-a-road-with-pollard-willows-1882.jpg
0.3639244536377875,a-corner-of-the-asylum-and-the-garden-with-a-heavy-sawn-off-tree-1889(1).jpg
0.164530634984098,torso-of-venus-1887-2.jpg
0.2103533503392662,skull.jpg
0.346191213824916,entrance-to-a-quarry-1889(1).jpg
0.4980030427591821,orchard-in-bloom-with-view-of-arles-1889.jpg
0.21063886570822862,on-the-outskirts-of-paris-1887.jpg
0.10282079790999363,sketch-of-a-hen-1890.jpg
0.225140340840333,blossoming-almond-branch-in-a-glass-1888(1).jpg
0.2066750631640765,ruins-of-montmajour-1888-1.jpg
0.49946423497318637,a-fishing-boat-at-sea-1888-1(1).jpg
0.46658834856870224,wheat-fields-1890-1.jpg
0.2363615327542599,woman-peeling-potatoes-near-a-window-2-1881.jpg
0.19906116919047998,landscape-with-a-church-1883-1.jpg
0.18384128956272106,woman-by-the-fireplace-1885.jpg
0.23524818702567252,ploughman-and-three-women-1883.jpg
0.593848280765455,parsonage-with-flowering-trees-1884.jpg
0.16873939659944293,still-life-vase-with-twelve-sunflowers-1.jpg
0.6704494003506882,wheat-field-with-sheaves-1888.jpg
0.2773759628389816,woman-in-a-dark-dress-sien-s-mother-1882.jpg
0.9939204260801766,the-garden-with-flowers-1888.jpg
0.2948657711531764,standing-woman-half-length-1882.jpg
0.37494872859742157,interior-of-a-farm-with-two-figures-1890.jpg
0.31097391813313185,sale-of-building-scrap-1885.jpg
0.754971401652155,wheat-field-with-sheaves-1888-1.jpg
0.4353082473612834,evening-landscape-with-rising-moon-1889(1).jpg
0.45288097749841283,landscape-with-cottages-and-a-mill-1885.jpg
0.12959058924897007,peasant-woman-with-a-bucket-1885.jpg
0.11731650745034643,view-of-royal-road-ramsgate-1876.jpg
0.4775174717088377,apricot-trees-in-blossom-1888(1).jpg
0.32549428485123943,joseph-roulin-three-quarter-length-1888.jpg
0.2794196683222649,the-entrance-hall-of-saint-paul-hospital-1889.jpg
0.37235224907971415,wheatfield-with-a-stook-and-a-mill-1885.jpg
0.18820201039772427,girl-with-black-cap-sitting-on-the-ground-1881(1).jpg
0.3070903469164768,pine-trees-seen-against-the-wall-of-the-asylum-1889-2.jpg
0.43685342256662435,sunset-at-montmajour-1888.jpg
0.47674960293023455,joseph-roulin-sitting-in-a-cane-chair-three-quarter-length-1888.jpg
0.543655418929011,coleus-plant-in-a-flowerpot-1886(1).jpg
0.3764933156882753,man-with-scythe-in-wheat-field-1890.jpg
0.27350515196790276,studies-figure-the-enclosure-wall-of-saint-paul-hospital-and-others-1889.jpg
0.32904862003468394,stooping-woman-in-landscape-1883.jpg
0.14292012725457573,orphan-man-with-cap-and-walking-stick-1882.jpg
0.3687442940652182,cottages-and-trees-1890(1).jpg
0.2161339591388838,field-with-thunderstorm-1881(1).jpg
0.16522768005627864,figure-of-a-woman-with-unfinished-chair-1882(1).jpg
0.1905708504939532,the-reaper-after-millet-1889.jpg
0.36834811001157625,weaver-facing-left-1884.jpg
0.27470841824983766,weaver-facing-right-interior-with-one-window-and-high-chair-1884.jpg
0.35686750564312314,still-life-with-grapes-pears-and-lemons-1887-1.jpg
0.3140686155804475,head-of-a-man-with-a-hat-a-perspective-frame-and-other-sketches-1890(1).jpg
0.5488056794103254,workman-beside-a-mound-of-peat-and-a-peat-boat-with-two-figures-1883.jpg
0.5152123516025853,wheat-fields-1890.jpg
0.5123373083651231,vincent-s-bedroom-1888.jpg
0.3353034931413826,two-white-butterflies-1889.jpg
0.21967917080863394,head-of-a-peasant-woman-with-dark-cap-1885-6(1).jpg
0.24660460116273086,digger-1882(1).jpg
0.1514622173712575,vase-with-gladioli-and-lilac-1886.jpg
0.3565601758144771,wheatfields-under-thunderclouds-1890.jpg
0.167998117799534,vase-with-red-gladioli-1886.jpg
0.21333542386696863,peasant-woman-picking-up-a-sheaf-of-grain-1885.jpg
0.29927169241108315,belvedere-overlooking-montmartre-1886(1).jpg
0.3258394495966545,two-women-in-the-woods-1882.jpg
0.40417636739248686,enclosed-field-with-a-sower-in-the-rain-1889-1(1).jpg
0.4445315547568335,a-woman-walking-in-garden-1887(1).jpg
0.2760923493479696,head-of-a-fisherman-with-a-fringe-of-beard-and-a-sou-wester(1).jpg
0.17593621585216165,peasant-woman-standing-near-a-ditch-or-pool-1885.jpg
0.28976002506561915,woman-near-a-window-twice-man-with-winnow-sower-and-woman-with-broom.jpg
0.28782579287921806,small-house-on-a-road-with-pollard-willows-1881.jpg
0.1820517776666791,portrait-of-an-old-man-with-beard-1885.jpg
0.2699709150256451,a-man-with-a-broom-1881(1).jpg
0.47682325045331164,the-vicarage-at-nuenen-1885.jpg
0.3124896939597473,peasant-woman-cutting-straw-after-millet-1889.jpg
0.10858907372938387,weaver-1884-4.jpg
0.6350817294813809,the-sower-outskirts-of-arles-in-the-background-1888.jpg
0.2315534500962951,shepherd-with-flock-near-a-little-church-at-zweeloo-1883.jpg
0.42437033442621436,olive-trees-bright-blue-sky-1889.jpg
0.2083752929060428,potato-field-behind-the-dunes-1883.jpg
0.39807298968304616,garden-of-the-asylum-and-tree-trunks-and-a-stone-bench-1889(1).jpg
0.34978597358158725,four-people-sharing-a-meal-1885(1).jpg
0.3685801328503472,sien-with-umbrella-and-prayer-book-1882.jpg
0.4662856188893896,two-women-kneeling-1883.jpg
0.304045809553818,sketch-of-a-stooping-man-1890.jpg
0.13422347114729619,head-of-a-peasant-woman-with-dark-cap-1885(1).jpg
0.17128499760164495,vase-with-zinnias-1886.jpg
0.418441424358836,the-raising-of-lazarus-after-rembrandt-1890.jpg
0.2969199735479098,landscape-with-a-tree-in-the-foreground-1888-1.jpg
0.18082618252224134,woman-with-kettle-by-the-fireplace-1885.jpg
0.11649952430567795,sketch-of-a-foot-1886.jpg
0.23982574732373865,still-life-with-an-earthern-bowl-and-pears-1885.jpg
0.25350708538469335,young-woman-knitting-1881.jpg
0.15605672452733008,feet-1885(1).jpg
0.3816066930572281,violinist-seen-from-the-back-1887.jpg
0.3124188599144726,sheet-with-sketches-of-working-people-1890.jpg
0.13365619049414224,cottage-with-trees-1885-1(1).jpg
0.21847089256593022,head-of-a-man-1886-1(1).jpg
0.17398329339126553,sketches-of-peasant-plowing-with-horses-1890.jpg
0.17477490761703854,watermill-at-gennep-1884.jpg
0.2318371261060478,paul-gauguin-s-armchair-1888.jpg
0.16335865536226363,peasant-boy-1885.jpg
0.3434007378916709,sower-1882-1.jpg
0.38422139564933544,peasant-woman-digging-1885-2.jpg
0.5479247426166957,portrait-of-a-man-1888.jpg
0.2892252050056626,snowy-landscape-with-stooping-woman.jpg
0.5175148187127625,landscape-with-a-tree-in-the-foreground-1888.jpg
0.239594769937086,antique-3937525-1.jpg
0.5371315473961127,the-garden-of-st-paul-s-hospital-at-st-remy-1889.jpg
0.18781313273253292,sower-with-basket-1881.jpg
0.21583210738721917,coal-barges-1888-1(1).jpg
0.3962719154822593,thatched-cottages-in-chaponval-auvers-sur-oise-1890.jpg
0.2380500494632656,male-torso-and-study-for-portrait-of-a-woman-with-flowers-1887.jpg
0.3839473108023717,vincent-s-bedroom-in-arles-1889.jpg
0.33330608514478777,wheat-field-with-cypresses-1889.jpg
0.2704143335857829,still-life-with-meadow-flowers-and-roses-1886.jpg
0.37330960207768554,portrait-of-madame-augustine-roulin-1888.jpg
0.4986950708224905,exterior-of-a-restaurant-at-asnieres-1887(1).jpg
0.8537395962960805,public-garden-with-couple-and-blue-fir-tree-the-poet-s-garden-iii-1888.jpg
0.266723238391512,weaver-1884-3.jpg
0.57184276933953,road-with-pollard-willows-1881-2.jpg
0.29769146578875305,vicarage-and-church-at-etten-1876.jpg
0.47502872745467206,wheat-field-1888.jpg
0.25081127955372423,man-sitting-by-the-stove-the-pauper-1882.jpg
0.2253093253706203,peasant-woman-seen-against-the-window-two-heads-1885.jpg
0.5826534663296005,row-of-cottages-in-saintes-maries-1888.jpg
0.46257842905318447,carpenter-s-workshop-seen-from-the-artist-s-studio-1882(1).jpg
0.5211845422525816,cottages-and-cypresses-reminiscence-of-the-north-1890(1).jpg
0.34522567568193113,the-old-peasant-patience-escalier-with-walking-stick-half-figure-1888.jpg
0.17907084351961053,self-portrait-1888-2.jpg
0.29211998930441446,barn-owl-viewed-from-the-side-1887(1).jpg
0.13896854757687663,orphan-man-with-top-hat-and-hands-crossed-1882.jpg
0.43491233966709,sketch-of-a-lady-with-striped-dress-and-hat-and-of-another-lady-half-figure-1890.jpg
0.5132455290106548,pine-trees-in-front-of-the-wall-of-the-asylum-4-1889.jpg
0.25343570215700806,kettle-over-a-fire-and-a-cottage-by-night-1885.jpg
0.21930222086626816,plate-with-cutlery-and-a-kettle-1885.jpg
0.2928213207456017,bridge-near-the-schenkweg(1).jpg
0.5704689232194574,the-langlois-bridge-at-arles-1888-1.jpg
0.7388257713744195,self-portrait-with-cap-1886.jpg
0.4754590492736746,vincent-s-boarding-house-in-hackford-road-brixton-london.jpg
0.3357690086930672,still-life-with-thistles-1890.jpg
0.13852455837187572,hind-legs-of-a-horse-1890.jpg
0.554941801514916,pine-trees-near-the-wall-of-the-asylum-1889.jpg
0.36317333908775584,people-walking-in-front-of-snow-covered-cottage-2-1890.jpg
0.9306709655931994,the-plain-at-auvers-1890.jpg
0.16681561075998397,peasant-woman-head-2.jpg
0.4112582026766841,terrace-of-a-cafe-on-montmartre-la-guinguette-1886.jpg
0.16391569824043223,view-of-paris-from-near-montmartre-1886.jpg
0.36480099928397647,le-moulin-de-la-gallette-1887.jpg
0.4838939305021694,the-park-at-arles-1889.jpg
0.33684607901416763,tiled-roof-with-chimneys-and-church-tower-1888.jpg
0.3489862675081821,landscape-with-the-oise-1890.jpg
0.3482913638128482,wheat-field-with-a-lark-1887(1).jpg
0.3021544198552035,peasant-woman-head-1885-3.jpg
0.4690269976987951,flowering-garden-1888(1).jpg
0.3397157629881629,le-moulin-de-la-gallette-3-1886.jpg
0.2708711124356157,bent-figure-of-a-woman-sien-1882(1).jpg
0.2963681688504612,st-martin-s-church-at-tongelre-1885.jpg
0.5371228572855321,montmajour-1888.jpg
0.107062490065572,couple-walking(1).jpg
0.2004094396024126,cart-with-red-and-white-ox-1884(1).jpg
0.5079762671489559,fishing-boats-at-sea-1888-1(1).jpg
0.3131400369052916,peasant-lifting-potatoes-2-1885.jpg
0.1923077113745963,tambourine-with-pansies-1886.jpg
0.35377813862389457,vase-with-zinnias-and-other-flowers-1886.jpg
0.346066168743488,still-life-with-coffee-pot-1888.jpg
0.2936935689835361,still-life-with-three-birds-nests-1885.jpg
0.1263706602968568,sheet-with-sketches-of-peasants-1890.jpg
0.4186758333248686,street-in-auvers-sur-oise-1890.jpg
0.45008271941750433,undergrowth-1887-1.jpg
0.3413139271161216,les-alyscamps-1888(2).jpg
0.20796324578339914,entrance-to-the-old-tower-1885(1).jpg
0.2963544681976301,a-house-magros-1879(1).jpg
0.5041126753247251,terrace-in-the-luxembourg-garden-1886.jpg
0.1398259777677681,peasant-woman-stooping-1885.jpg
0.505650360307221,landscape-with-trees-and-figures-1889.jpg
0.20256228627469366,young-woman-sewing-1881.jpg
0.2051173879635592,old-nag-1883.jpg
0.5777296349194954,the-kingfisher-1886.jpg
0.5686482144430255,poplar-trees-1884.jpg
0.3290884361921804,marguerite-gachet-at-the-piano-1890-1.jpg
0.19472791173953774,head-of-a-man-with-cap-1885(1).jpg
0.2226616034247317,three-hands-3.jpg
0.3661733083680745,three-white-cottages-in-saintes-maries-1888.jpg
0.15672981594163338,vase-with-peonies-1886.jpg
0.200801272921106,sien-sewing-half-figure-1883.jpg
0.37100066353271965,peasant-woman-stooping-to-the-left.jpg
0.23884658185142466,mask-of-an-egyptian-mummy-2-1889.jpg
0.21896829473748775,three-hands-two-holding-forks.jpg
0.372055145869403,nude-woman-squatting-over-a-basin-1887.jpg
0.42729215721171243,wheatfield-with-sheaves-1888.jpg
0.3900454164123455,the-baby-marcelle-roulin-1888.jpg
0.23270049862201012,woman-spreading-out-laundry-on-a-field-1882.jpg
0.3785010461668809,restaurant-menu-1886.jpg
0.2022607356359557,peasant-woman-head-5.jpg
0.5245507398503846,landscape-with-houses-among-trees-and-a-figure-1890.jpg
0.5777429727519431,wheat-field-with-the-alpilles-foothills-in-the-background-1888.jpg
0.24311725778909854,still-life-with-apples-1887.jpg
0.6153623342691563,enclosed-field-behind-saint-paul-hospital-1889(1).jpg
0.43333227096869725,flowering-shrubs-1889(1).jpg
0.12633191230844115,peasant-woman-head-1885-4.jpg
0.3983646286665177,boulevard-de-clichy-1887(1).jpg
0.11056765554958795,peasant-woman-head-1884.jpg
0.34396278204527564,the-mill-of-blute-end-1886.jpg
0.3659491337219809,blossoming-acacia-branches-1890(1).jpg
0.17728280260959128,head-of-a-boy-with-broad-brimmed-hat-1890(1).jpg
0.14296983367891494,sowers-1890.jpg
0.5740521020632823,view-of-the-church-of-saint-paul-de-mausole-1889.jpg
0.32279962567756765,sketch-of-an-eroded-garden-wall-ornament-1890.jpg
0.28109195024917816,beach-with-people-walking-and-boats-1882(1).jpg
0.36000853621384216,man-with-pipe-and-eye-bandage-1882.jpg
0.3900413433426999,head-of-a-woman-5(1).jpg
0.21120238940912525,vase-with-gladioli-and-carnations-1886-1.jpg
0.23220343659299067,canal(1).jpg
0.2991549242383659,sketches-of-the-old-tower-and-figures-1885.jpg
0.5889290788048849,old-vineyard-with-peasant-woman-1890.jpg
0.1638834443521786,peasant-digging-1885.jpg
0.19861927639019283,hand-with-a-pot-the-knob-of-a-chair-and-a-hunk-of-bread-1885(1).jpg
0.31338178262738614,the-state-lottery-1882.jpg
0.29583701312886,interior-with-peasant-woman-sewing-1885-2.jpg
0.2425142469732272,zouave-1888(1).jpg
0.19717424237297476,peasant-woman-digging-1885.jpg
0.19067298162435803,vase-with-red-gladioli-1886-1.jpg
0.25285289640789677,peasant-woman-lifting-potatoes-2-1885.jpg
0.43214242053890245,houses-in-auvers-2-1890.jpg
0.32697480299170456,a-bare-treetop-in-the-garden-of-the-asylum-1889(1).jpg
0.19943258844382394,still-life-vase-with-oleanders-1888.jpg
0.20792161847951326,still-life-with-bloaters-1886-1.jpg
0.23579587255854617,vase-with-asters-and-phlox-1886.jpg
0.3188512322664225,the-bridge-at-trinquetaille-1888.jpg
0.76689182956471,the-corner-of-the-park-1888.jpg
0.8512027638821476,the-road-to-tarascon-1888.jpg
0.11686429812383896,cottage(1).jpg
0.4205260124554206,standing-male-nude-seen-from-the-front-2.jpg
0.3127841802778074,three-people-sharing-a-meal-1885.jpg
0.2345098296593884,roadway-with-underpass-the-viaduct-1887.jpg
0.43813871941156307,park-at-arles-1889.jpg
0.29332904726078185,barn-with-moss-covered-roof-1881(1).jpg
0.3251415000657357,hill-with-bushes-1888.jpg
0.37734746301080807,italian-woman-agostina-segatori-1887.jpg
0.514470015996438,the-tarascon-stagecoach-1888.jpg
0.2398565537186525,the-roofs-of-paris-and-notre-dame-1886.jpg
0.27979737900041163,head-of-a-woman.jpg
0.40395333431280084,weaver-1884.jpg
0.5099258891103657,path-in-the-woods-1887.jpg
0.43334408949157177,sheet-with-numerous-figure-sketches-1890.jpg
0.2532534981337673,peasant-woman-stooping-with-a-spade-digging-up-carrots-1885.jpg
0.5824732201492593,park-at-asnieres-in-spring-1887.jpg
0.11414590889808705,cottage-with-trees-and-peasant-woman-1885(1).jpg
0.11829224447308638,the-cave-of-machpelah-1877.jpg
0.2726840886133503,sunny-lawn-in-a-public-park-1888.jpg
0.1694802424327032,idol-4.jpg
0.3896820154450267,autumn-landscape-with-four-trees-1885(1).jpg
0.18101632365204068,park-view.jpg
0.2539168882500605,self-portrait-with-dark-felt-hat-1886.jpg
0.2092209974461377,self-portrait-1887-5.jpg
0.16670128121369576,the-potato-eaters-1885.jpg
0.3708362339067859,sower-1888.jpg
0.4652750768107774,lane-in-voyer-d-argenson-park-at-asnieres-1887.jpg
0.2688469471726407,parsonage-garden-in-the-snow-with-three-figures-1885.jpg
0.3161616965825246,peasant-with-sickle-seen-from-the-back-1885-5.jpg
0.44246280241494296,window-of-vincent-s-studio-at-the-asylum-1889.jpg
0.23764296339024554,peasant-woman-lifting-potatoes-4-1885.jpg
0.14167793221419575,head-of-a-peasant-woman-1884(1).jpg
0.4570956145901205,a-group-of-cottages-1890(1).jpg
0.33639706628170507,stooks-and-a-mill-1885.jpg
0.1851536356939387,girl-kneeling-1881(1).jpg
0.40120966924913487,still-life-with-decanter-and-lemons-on-a-plate-1887.jpg
0.4820332285995085,evening-the-watch-after-millet-1889(1).jpg
0.3637244605308034,gardens-on-montmartre-and-the-blute-fin-windmill-1887(1).jpg
0.195019974898566,sheet-with-hands-and-several-figures-1890.jpg
0.1674375833518227,head-of-an-old-peasant-woman-with-white-cap-1884-1.jpg
0.4794547792626526,cypresses-and-two-women-1890(1).jpg
0.35588589908281526,orphan-man-with-pickax-on-his-shoulder-1883.jpg
0.22407212890832381,head-of-a-peasant-with-cap(1).jpg
0.2966049855680547,woman-sitting-at-the-fireside-1881.jpg
0.14133059721016986,weaver-near-an-open-window-1884.jpg
0.22354667181247426,walk-along-the-banks-of-the-seine-near-asnieres-1887.jpg
0.44545971008153445,the-public-soup-kitchen-1883.jpg
0.27325084637397995,torso-of-venus-1887-3.jpg
0.4051668129877804,head-of-a-man-with-hat-1886(1).jpg
0.37313824854488836,digger-1881-1(1).jpg
0.5212309638605771,landscape-with-the-wall-of-a-farm-1888.jpg
0.2870878785820421,route.jpg
0.3672280582904064,treetop-seen-against-the-wall-of-the-asylum-1889.jpg
0.5133152332978247,the-iris-1889.jpg
0.24947948975629688,kneeling-ecorche-1887.jpg
0.10701475920904384,hand-1885(1).jpg
0.41949740139317293,fish-drying-barn-1882(1).jpg
0.32931705958455104,blossoming-almond-branch-in-a-glass-with-a-book-1888(1).jpg
0.656489344908022,antique-3840759.jpg
0.27501781346871373,head-of-a-young-man-with-a-pipe.jpg
0.20411777940335332,vase-with-gladioli-and-carnations-1886.jpg
0.5497753701406907,the-shepherdess-after-millet-1889.jpg
0.2417988807373396,sketch-of-a-peasant-working-1890.jpg
0.18020237956291538,vase-with-carnations-and-other-flowers-1886.jpg
0.33159024913337837,torso-of-venus-1887-4.jpg
0.3294825059298556,peasant-woman-two-heads-1885.jpg
0.292337269647443,the-old-tower-in-the-snow-1885.jpg
0.1654805508258649,lady-with-checked-dress-and-hat-1890.jpg
0.20953187621396005,idol-3.jpg
0.41653465482575935,moulin-de-la-galette-1886.jpg
0.15106438499525676,self-portrait-1887-2.jpg
0.392054618375947,lap-with-hands.jpg
0.31840692926959624,plowman-with-two-women-1883.jpg
0.5236669109980943,the-starry-night.jpg
0.20528629367705672,peasant-with-sickle-seen-from-the-back-1885-2.jpg
0.3422361245842494,wheat-field-with-cypresses-at-the-haude-galline-near-eygalieres-1889-2.jpg
0.2608995278607351,view-of-het-steen-1885.jpg
0.2014860575762352,silhouette-of-a-man-with-a-rake.jpg
0.36954140424951953,zouave-sitting-whole-figure-1888.jpg
0.16805748247896568,peasant-woman-kneeling-possibly-digging-up-carrots-1885.jpg
0.3241126635092958,luxembourg-garden-in-paris.jpg
0.3775725638574989,parsonage-garden-1884-1.jpg
0.6133996393405283,view-of-saintes-maries-with-church-and-ramparts-1888.jpg
0.19947433580852636,landscape-with-woman-walking-1883.jpg
0.2535198593952175,l-arlesienne-portrait-of-madame-ginoux-1890-1.jpg
0.23926045284561304,mills-in-the-neighbourhood-of-dordrecht-1877.jpg
0.24772106082677073,absinthe-1887(1).jpg
0.3667711519904703,head-of-a-man-1886(1).jpg
0.5324637144309241,the-green-vinyard-1888.jpg
0.2351794556767008,woman-with-white-bonnet-sien-s-mother-1883.jpg
0.555713994455518,antique-3840757.jpg
0.1461255778845077,standing-male-nude-seen-from-the-front.jpg
0.28382376219653205,head-of-a-peasant-woman-bareheaded.jpg
0.17320623834306695,seated-man-with-a-beard-1886.jpg
0.22125079512680157,tabernacle-in-the-heath.jpg
0.7794508558524497,public-garden-with-vincent-s-house-in-the-background-1888.jpg
0.4139816266927898,cottages-reminiscence-of-the-north-1890(1).jpg
0.2504754494683616,shepherd-with-a-flock-of-sheep-1884.jpg
0.47919286846638476,peasant-burning-weeds-and-farmhouse-at-night-1883.jpg
0.3148903719985951,antique-3937522.jpg
0.26730674622726575,digger-1882-2(1).jpg
0.4695341976487376,olive-picking-1889-1.jpg
0.35818711546931625,peat-diggers-in-the-dunes-1883-1.jpg
0.31425031222189015,montmartre-path-with-sunflowers-1887.jpg
0.1927833076987058,sower-1881.jpg
0.4298331480879373,self-portrait-dedicated-to-paul-gauguin-1888.jpg
0.14408634393184036,sower-1881-1.jpg
0.2840187231905126,cypresses-with-four-people-working-in-the-field-1890(1).jpg
0.19332313974330229,country-lane-with-trees-1882(1).jpg
0.311015798511007,blacksmith-shop(1).jpg
0.5474509482063414,trunk-of-an-old-yew-tree-1888.jpg
0.42512187415593783,woman-with-dark-cap-sien-s-mother-1882.jpg
0.549062117702274,ladies-of-arles-memories-of-the-garden-at-etten-1888.jpg
0.22134922386363895,waiting-room-1882.jpg
0.34270613200213673,skeleton.jpg
0.14933149076008326,autumn-landscape-at-dusk-1885(1).jpg
0.5630807747528525,sheaves-of-wheat-1890-1.jpg
0.5459579625799525,two-boys-near-a-cart-1882.jpg
0.30615843602095805,japanese-vase-with-roses-and-anemones-1890(1).jpg
0.23269787373568718,pink-peach-trees-1888.jpg
0.36942068291526636,reaper-with-sickle-after-millet-1889.jpg
0.2700297161671921,cottages-with-a-woman-working-in-the-foreground-1890-1(1).jpg
0.19213358469177924,the-seine-bridge-at-asnieres-1887.jpg
0.19877679355345879,mask-of-an-egyptian-mummy-4-1889.jpg
0.3326679498219694,peasant-chopping-1885-1.jpg
0.14441775284752278,cottage-with-peasant-woman-digging-1885(1).jpg
0.20212141228733538,head-of-a-peasant-woman-with-white-cap-1885-1(1).jpg
0.6380563416047889,wheat-field-with-sheaves-and-arles-in-the-background-1888.jpg
0.48815306698938565,ears-of-wheat-1890(1).jpg
0.31175837607950524,glass-with-roses-1886(1).jpg
0.7574587090153511,thistles-along-the-roadside-1888.jpg
0.5209646332490669,vegetable-gardens-in-montmartre-1887-2.jpg
0.15824836228194317,landscape-at-sunset-1885.jpg
0.24803776676556213,crab-on-it-s-back-1889(1).jpg
0.299292234701,the-little-stream-1890.jpg
0.8477625865626364,the-road-to-tarascon-1888-1.jpg
0.20657740818599504,sheaves-of-wheat-1890.jpg
0.3097603050432076,view-from-the-apartment-in-the-rue-lepic-1887.jpg
0.7721470936379823,trees-in-the-garden-of-the-hospital-saint-paul-1888.jpg
0.3613239780203825,banks-of-the-seine-near-pont-de-clichy-1887(1).jpg
0.3981224848488699,a-group-of-pine-trees-near-a-house-1889(1).jpg
0.3229942736715749,child-and-woman-pouring-coffee-1890(1).jpg
0.3842734190499768,couple-out-for-a-stroll-1887(1).jpg
0.720917719158375,zouave-half-figure-1888.jpg
0.8752155064233517,wheat-field-with-sun-and-cloud-1889.jpg
0.5850242139268057,still-life-with-coffee-pot-2-1888.jpg
0.15555840380490504,mother-roulin-with-her-baby-1888.jpg
0.4913369385513093,the-garden-of-saint-paul-hospital-1889-1.jpg
0.1961234934256958,sketch-of-a-tree-against-clouds-with-colour-annotations-1890.jpg
0.21081817030114428,the-spire-of-the-church-of-our-lady-1885.jpg
0.30413120141408784,orphan-man-with-cap-eating-1882.jpg
0.386487459965144,sien-s-mother-s-house-1882.jpg
0.22855753154054986,straw-hats-at-dusk-1885.jpg
0.35844756506942543,wild-roses-1890.jpg
0.16810886444217182,peasant-sitting-by-the-fireplace-worn-out-1881.jpg
0.39472571092163594,field-with-flowers-1888(1).jpg
0.17981529912052638,view-on-the-singel-in-amsterdam-1885.jpg
0.17588504656471013,barn-owl-viewed-from-the-front-1887(1).jpg
0.27978331669891604,les-alpilles-mountain-landscape-near-south-reme-1889.jpg
0.42458833001444823,mountain-landscape-seen-across-the-walls-1889.jpg
0.267583933002171,peasant-man-and-woman-planting-potatoes-1885-1.jpg
0.2636946465759942,a-girl-raking-1881(1).jpg
0.17144878958572937,self-portrait-1889-3.jpg
0.26283707518152377,a-pair-of-shoes-1888(1).jpg
0.19522229661262502,country-lane-with-two-figures-1885(1).jpg
0.17714826814283136,lumber-sale-1883.jpg
0.1999388672717661,landscape-with-a-farm-1883.jpg
0.18750886292981112,head-of-a-woman-13.jpg
0.3274156305201921,wheat-field-with-mower-and-a-stooping-peasant-woman-1885.jpg
0.41758108587720416,fishing-in-the-spring-1887(1).jpg
0.3017655698921636,fisherman-with-sou-wester-pipe-and-coal-pan-1883(1).jpg
0.2775167362762657,still-life-vase-with-zinnias-1888.jpg
0.6786764176920299,street-in-saintes-maries-1888.jpg
0.46910935921041047,the-old-station-at-eindhoven-1885.jpg
0.6078822735506787,daubigny-s-garden-1890(1).jpg
0.5412500569434364,round-clipped-shrub-in-the-public-garden-1888.jpg
0.2476272354868366,two-hands-and-two-arms.jpg
0.4469189730743023,garbage-dump-1883(1).jpg
0.19928197363258002,le-moulin-de-la-galette-4-1886.jpg
0.1331735601433397,young-man-with-a-broom-1882.jpg
0.21336841681660806,still-life-with-basket-of-apples-1887.jpg
0.35186538389935523,a-view-of-paris-with-the-op-1886(1).jpg
0.36949773816296894,head-of-a-woman-14.jpg
0.6471471868974539,the-plough-and-the-harrow-after-millet-1890.jpg
0.43024482202126013,man-standing-with-arms-folded-1882.jpg
0.24221687476958995,still-life-with-four-stone-bottles-flask-and-white-cup-1884.jpg
0.23155187991444084,seated-girl-and-venus.jpg
0.3484746155476589,woman-sitting-on-a-basket-sewing-1883.jpg
0.25181010167422613,head-of-a-young-man-2.jpg
0.7155703372125154,self-portrait-with-bandaged-ear-1889.jpg
0.3204060078736105,orchard-with-arles-in-the-background-1888.jpg
0.19740919054501152,four-swifts-with-landscape-sketches-1887(1).jpg
0.49990135107662903,branches-with-almond-blossom-1890(1).jpg
0.41874581184278614,wheat-field-with-reaper-and-sun-1889.jpg
0.2639896399336301,head-of-a-woman-8.jpg
0.31274870949815353,woman-winding-yarn-1885.jpg
0.3418995576396136,bench-with-four-persons-1882(1).jpg
0.24967769426198563,woman-with-her-left-arm-raised-1885.jpg
0.30776833261773545,portrait-of-a-man.jpg
0.46837147625899866,view-of-paris-from-vincent-s-room-in-the-rue-lepic-1887.jpg
0.4243999991327175,women-working-in-wheat-field-1890.jpg
0.22989268119066655,a-man-and-a-woman-seen-from-the-back-1886(1).jpg
0.38283694840498167,the-banks-of-the-seine-with-boats-1887.jpg
0.38729114702565415,man-putting-potatoes-in-a-sack-1881.jpg
0.5819593173299602,entrance-to-the-public-garden-in-arles-1888(1).jpg
0.129371107041839,peasant-with-walking-stick-and-little-sketch-of-the-same-figure-1885.jpg
0.3152040256372589,peasant-woman-lifting-potatoes-1885.jpg
0.22893331115120072,portrait-of-the-art-dealer-alexander-reid-sitting-in-an-easy-chair.jpg
0.12267736090160436,plaster-statuette-of-a-female-torso-1886-3.jpg
0.1286695726844592,coalmine-in-the-borinage-1879(1).jpg
0.26417304054387397,ruins-of-montmajour-1888.jpg
0.21976276588710986,view-of-roofs-and-backs-of-houses-1886.jpg
0.18947504635858367,a-sower-and-a-man-with-a-spade-1890(1).jpg
0.45540681487309626,woman-with-a-donkey-1890.jpg
0.21669796254357349,wheat-field-1888-1.jpg
0.21818538407224777,woman-sitting-in-the-grass-1887.jpg
0.09360948479661989,feet-1885-1(1).jpg
0.5027509465307449,path-between-pine-trees-1889.jpg
0.37430058097824925,madame-roulin-rocking-the-cradle-a-lullaby-1889-2.jpg
0.5591171642488563,pine-trees-seen-against-the-wall-of-the-asylum-1889.jpg
0.3263945833647901,avenue-of-poplars-at-sunset-1884-1(1).jpg
0.18218711574584392,head-of-a-woman-1886.jpg
0.44310783565826845,the-terrace-of-the-tuileries-with-people-walking-1886.jpg
0.32616517538355777,white-house-at-night.jpg
0.5130199518651317,the-yellow-house-1888.jpg
0.32549274768807956,self-portrait-with-a-japanese-print-1887.jpg
0.20639686007145194,woman-at-the-window-knitting-1882.jpg
0.15265876650124025,head-of-a-peasant-woman-with-white-cap-1885(1).jpg
0.4377563451036086,female-nude-seated-1886(1).jpg
0.370205472241438,head-of-a-woman-1.jpg
0.3502543156536078,orphans-1882.jpg
0.27370621313656374,pollard-willow-1881.jpg
0.26931524125852624,man-with-winnow-1881.jpg
0.32074430527466274,people-walking-in-front-of-snow-covered-cottage-1890.jpg
0.35665333283465295,an-old-woman-of-arles-1888(1).jpg
0.2588462937804629,young-slave-1887.jpg
0.191769233681529,head-of-a-young-man-bareheaded.jpg
0.17600791285317793,mangle-with-two-women-and-a-man-1884.jpg
0.16615796075296568,woman-with-a-child-on-her-lap-1883.jpg
0.18598124507964928,three-peasants-with-spades-on-a-road-in-the-rain-1890.jpg
0.30239203964878775,head-of-a-peasant-with-a-pipe-1885(1).jpg
0.3363824723913406,woman-reeling-yarn-1884.jpg
0.31290598078988346,silhouette-of-a-peasant-woman-digging-carrots.jpg
0.2635719827147588,two-rats-1884.jpg
0.5245093877426841,sculpture-and-still-life-with-cabbage-and-clogs-1881.jpg
0.504985859381459,clumps-of-grass-1889(1).jpg
0.3704665494395071,poppies-and-butterflies-1890.jpg
0.23886567446570822,farmer-sitting-at-the-fireside-and-reading-1881(1).jpg
0.21249069950302626,lane-in-autumn-1884.jpg
0.2173720216543123,peasant-woman-planting-beets-2-1885.jpg
0.4162229819243704,adult-coloring-3840763.jpg
0.26307930457681167,snowy-landscape-with-arles-in-the-background-1888-1.jpg
0.18756698584533807,still-life-with-bible.jpg
0.17951193929290488,head-of-a-young-peasant-woman-with-dark-cap-1885.jpg
0.2772143944768531,girl-kneeling-in-front-of-a-cradle-1883(1).jpg
0.40640129344177317,peasant-woman-stooping-between-sheaves-of-grain-1885.jpg
0.3657296557178638,great-peacock-moth-1889(1).jpg
0.45709453540334766,two-peasants-diging-after-millet-1889.jpg
0.4247585655012348,landscape-with-a-church-and-houses-1885.jpg
0.15214336160740868,two-women-1882.jpg
0.24684087163560312,plaster-statuette-of-a-female-torso-1886-4.jpg
0.144897821361348,man-with-a-sack-of-wood-1881.jpg
0.2330646995225927,peasant-woman-seated-1885.jpg
0.5866673472676202,garbage-dump-1883-1(1).jpg
0.824232076817933,olive-trees-1888.jpg
0.20094718476901202,two-hands.jpg
0.5229994843185838,orchard-in-blossom-bordered-by-cypresses-1888.jpg
0.3930737859326513,sheet-with-sketches-of-diggers-and-other-figures-1890.jpg
0.6088184682309854,the-garden-of-the-parsonage-with-arbor-1881.jpg
0.24923799961088475,vase-with-carnations-1886-2.jpg
0.6550501126577652,sunset-over-a-meadow-1882.jpg
0.5557164663270241,pine-trees-against-a-red-sky-with-setting-sun-1889.jpg
0.5090294480937401,plaster-statuette-1886.jpg
0.24826051721007097,still-life-vase-with-red-gladiolas-1886.jpg
0.4948118251819699,head-of-a-man-2(1).jpg
0.3517961792238797,restaurant-de-la-sirene-at-asnieres-1887.jpg
0.24155119771659642,girl-in-the-woods-1882(1).jpg
0.7039621934574746,the-starry-night-1888.jpg
0.4303887045699033,station-in-the-hague-1882.jpg
0.48551779945442375,a-pair-of-lovers-arles-1888(1).jpg
0.24414817201280925,interior-with-peasant-woman-sewing-1885-4.jpg
0.8949691355836903,entrance-to-a-quarry-near-saint-remy-1889(1).jpg
0.271750992604457,sien-nursing-baby-half-figure-1882.jpg
0.37417912970464473,woman-sewing-1885-1.jpg
0.25283668206844206,weaver-facing-right-1884.jpg
0.16746445874156501,peasant-woman-pitching-wheat-or-hay-1885.jpg
0.4415444808400626,the-olive-trees-1888.jpg
0.15640965180661293,man-feeding-chickens-or-sowing-1883.jpg
0.3111915067658626,orchard-in-blossom-1888.jpg
0.7805499977393532,landscape-with-snow-1888.jpg
0.4320580201628724,the-garden-of-saint-paul-hospital-with-figure-1889.jpg
0.2784831644299059,old-man-in-sorrow-on-the-threshold-of-eternity-1890.jpg
0.34272782549382547,peasant-woman-portrait-of-gordina-de-groot-1885-1.jpg
0.1427708321936623,woman-with-shawl-umbrella-and-basket-1882.jpg
0.40379051224882306,field-in-a-thunderstorm-1881(1).jpg
0.4254219665932299,meadows-near-rijswijk-1882.jpg
0.18954211077138688,portrait-of-woman-in-blue-1885.jpg
0.42713475620400515,two-men-on-a-road-with-pine-trees-1890.jpg
0.3934592588050813,woman-sewing-1885.jpg
0.2603914668778115,fortifications-of-paris-with-houses-1887(1).jpg
0.16993536785098504,donkey-and-cart(1).jpg
0.295788586802995,peasant-woman-head-1885.jpg
0.1600441083135519,boy-with-spade(1).jpg
0.17424352057166387,four-hands-two-holding-bowls-1885(1).jpg
0.33727992636667287,enclosed-field-1889(1).jpg
0.3448542558892382,gordina-de-groot-head-1885(1).jpg
0.4591601338725773,view-of-het-steen-1885-1.jpg
0.35368625912077484,street-in-saintes-maries-1888-2.jpg
0.6699315680544976,the-grove-1890.jpg
0.13174495126919428,still-life-with-two-jars-and-two-pumpkins-1885.jpg
0.4320074881283695,the-parsonage-garden-at-nuenen-in-the-snow-1885-1.jpg
0.3961852270970278,still-life-vase-with-twelve-sunflowers.jpg
0.20106853700923613,woman-working-in-wheat-field-1890.jpg
0.11958206465521769,mask-of-an-egyptian-mummy-3-1889.jpg
0.24727846769948716,portrait-of-a-woman-head-of-a-peasant-woman-with-bonnet.jpg
0.4024434857029693,a-house-at-auvers-1890(1).jpg
0.515476445486333,mulberry-tree-1889.jpg
0.26558502214405666,two-women-working-in-wheat-field-1890.jpg
0.2639465730165135,girl-with-pinafore-half-figure-1883(1).jpg
0.22515003082839263,scheveningen-woman-1881.jpg
0.47350109440839594,village-street-1890.jpg
0.24717848813761115,interior-with-peasant-woman-sitting-near-the-fireplace-1885.jpg
0.17573445167827076,seated-woman-4-1887.jpg
0.5007538502817875,scheveningen-woman-standing-1881.jpg
0.3423271802662894,the-ballroom-at-arles-1888.jpg
0.2694859821868543,violinist-seen-from-the-front-1887.jpg
0.33544629628095385,the-smoker-peasant-1888.jpg
0.368205267344288,interior-with-peasant-woman-sewing-1885-3.jpg
0.3115532966860107,head-of-a-peasant-woman-with-white-cap-1885-6.jpg
0.3101345488129126,couple-dancing-1885(1).jpg
0.19003762858717052,peasant-woman-with-shawl-over-her-head-seen-from-the-side-1885.jpg
0.23475128947961854,meadows-near-rijswijk-and-the-schenkweg-1882.jpg
0.37914429290603474,cypresses-with-two-women-1889(1).jpg
0.1712333127510304,head-of-a-brabant-peasant-woman-with-dark-cap-1885(1).jpg
0.3235340863564616,peasant-woman-lifting-potatoes-3-1885.jpg
0.1885098045442668,hands-1885-2(1).jpg
0.3060638977678995,wooden-sheds-1889.jpg
0.29718015651965785,interior-of-a-farm-with-figures-at-the-fireside-1890.jpg
0.23374922481389435,the-fish-drying-barn-at-scheveningen.jpg
0.30362611677983725,clarinetist-and-piccolo-player-1887(1).jpg
0.2536993987459871,bank-of-the-rhone-at-arles-1888(1).jpg
0.154712703074292,head-of-a-peasant-woman-with-dark-cap-1885-2(1).jpg
0.16902926236324556,three-hands-2.jpg
0.21812804068799932,sower-with-hand-in-sack-1881-1.jpg
0.8259714348900327,la-crau-seen-from-montmajour-1888.jpg
0.41909177319024254,woman-standing-1890.jpg
0.4805372950818719,the-courtyard-of-the-hospital-at-arles-1889(1).jpg
1.0181217345213596,blossoming-chestnut-branches-1890(1).jpg
0.15824879684063997,self-portrait-with-straw-hat-1887-1.jpg
0.39030691628591363,landscape-in-stormy-weather-1885.jpg
0.23752878634904148,peasant-woman-head-4.jpg
0.16697166767434904,head-of-a-peasant-woman-with-white-cap-1885-3(1).jpg
0.36032814461190493,vincent-s-house-1888.jpg
0.530396388657079,first-steps-after-millet-1890(1).jpg
0.11674309669317685,still-life-with-three-books-1887.jpg
0.18010452895699072,the-bois-de-boulogne-with-people-walking-1886.jpg
0.20929399425342837,peasant-woman-head-1885-5.jpg
0.4980411561825626,fish-drying-barn-seen-from-a-height-1882(1).jpg
0.5380264613954737,miners-women-carrying-sacks-the-bearers-of-the-burden-1881.jpg
0.5815988210771739,a-sheet-with-sketches-1883(1).jpg
0.3346892937369783,guinguette-1886(1).jpg
0.33014354767774423,garden-with-weeping-willow-1888(1).jpg
0.4428132099946372,a-field-of-yellow-flowers-1889(1).jpg
0.5457349767935108,the-park-at-arles-with-the-entrance-seen-through-the-trees-1888.jpg
0.7896070125695978,tree-with-ivy-in-the-asylum-garden-1889.jpg
0.49336038485467826,enclosed-field-with-rising-sun-1889(1).jpg
0.24471974184581438,woman-with-a-fork-in-a-winter-landscape-1883.jpg
0.39710778845156985,chestnut-tree-in-blossom-1890(1).jpg
0.5607033221443437,old-street-the-paddemoes-1882.jpg
0.26234335569765393,railway-carriages-1888.jpg
0.27809404304957175,three-studies-of-a-woman-with-a-shawl-1885.jpg
0.3102473300434074,peasant-woman-head-3.jpg
0.1933603906455843,diggers-and-road-with-cottages-1890(1).jpg
0.20653231458244742,sailing-boat-on-the-seine-at-asnieres-1887.jpg
0.5992929860703385,sower-with-setting-sun-1888-1.jpg
0.3273197997239546,way-in-the-voyer-d-argenson-park-in-asnieres-1887.jpg
0.2312076747827885,hill-with-the-ruins-of-montmajour-1888.jpg
0.32500572279933987,peasant-woman-head-1885-2.jpg
0.24871159934703405,cottage-with-woman-digging-1885(1).jpg
0.27943091048654106,sheet-with-sketches-of-figures-1890.jpg
0.1019992313744333,flying-fox-1886(1).jpg
0.45508622916610336,city-view(1).jpg
0.20644191593672742,beach-at-scheveningen-in-calm-weather-1882(1).jpg
0.1614358741061961,sketch-of-a-donkey-1890.jpg
0.40029223297702565,pine-trees-along-a-road-to-a-house-1889.jpg
0.17358358750942315,portrait-of-adeline-ravoux-1890-2.jpg
0.18641312820591316,venus-1.jpg
0.48108142936160186,evening-the-end-of-the-day-after-millet-1889(1).jpg
0.728078600862423,trees-and-shrubs-1889-1.jpg
0.14108433986858068,peasant-woman-head.jpg
0.2833913745300706,landscape-at-dusk-1885.jpg
0.22410438515481007,five-men-and-a-child-in-the-snow-1883(1).jpg
0.3600224713394429,at-the-foot-of-the-mountains-1889(1).jpg
0.2595591037046914,peasant-man-and-woman-planting-potatoes-1885.jpg
0.2236617626982171,orphan-man-talking-with-woman-sien-1883.jpg
0.5251425493630669,a-lane-of-cypresses-with-a-couple-walking-1888(1).jpg
0.20452256717730066,orphan-man-with-cap-head-1883.jpg
0.37204396278258156,quayside-with-ships-in-antwerp-1885.jpg
0.1326633771989706,sketch-of-women-in-a-field-1890.jpg
0.3256098295658336,pollard-willows-1889.jpg
0.13019604971329796,vvg.jpg
0.25174970634841354,gasworks-1882(1).jpg
0.45297604222973853,three-persons-sitting-at-the-window-1885.jpg
0.3320144391159065,orphan-man-with-top-hat-eating-from-a-plate-1882.jpg
0.37417326798053135,meadow-with-flowers-1888.jpg
0.342709655382969,lane-with-trees-and-one-figure-1884.jpg
0.18776865957445044,still-life-with-a-basket-of-apples-1885.jpg
0.4808394745897477,2017-nyr-15004-0028a-000-vincent-van-gogh-laboureur-dans-un-champ.jpg
0.1366123626429266,scheveningen-woman-knitting-1881.jpg
0.6400070889987292,vincent-s-bedroom-in-arles-1888.jpg
0.32069354674622547,lilacs-1887.jpg
0.25444243721284665,still-life-with-red-cabbages-and-onions-1887.jpg
0.2675041473868539,study-sheet-with-seven-hands-1885.jpg
0.2355910496910636,peasant-woman-kneeling-seen-from-the-back-1885.jpg
0.322735715040033,weaver-1884-2.jpg
0.2598757352435891,peasant-with-a-stick-1881.jpg
0.17115750460503923,standing-female-nude-seen-from-the-back-1.jpg
0.5198211118500246,portrait-of-doctor-gachet-a-man-with-pipe-1890.jpg
0.15945414940222435,peasant-woman-sitting-by-the-fire-1885.jpg
0.5818905290106633,thistles-1888.jpg
0.24034380477117054,studies-of-donkey-carts-1882.jpg
0.2439198580872441,cypresses-1889-2(1).jpg
0.30055914682413504,man-writing-facing-left-1881.jpg
0.2663496420238616,digger-in-a-potato-field-february-1885(1).jpg
0.33949171381224075,woman-s-head-1883.jpg
0.21922826486785787,view-of-the-hague-with-the-new-church-1882.jpg
0.24195344745331618,sheet-with-peasants-eating-and-other-figures-1890.jpg
0.20867508690156553,weaver-1884-5.jpg
0.3534227107037039,a-group-of-pine-trees-1889(1).jpg
0.23116877881007467,apartment-blocks-and-miscellaneous-studies(1).jpg
0.1945114467963839,orphan-man-with-top-hat-standing-near-the-stove-seen-from-the-back-1882.jpg
0.45153816018079523,road-with-pollard-willows-1881.jpg
0.3209724312809901,mountain-landscape-seen-across-the-walls-2-1889.jpg
0.6020099691988235,suburbs-of-paris-1887.jpg
0.2659503808401391,woman-churning-butter-1881.jpg
0.31902949730773583,a-pine-tree-and-cypresses-in-the-garden-of-the-asylum-1889(1).jpg
0.3849533550148401,the-lovers-the-poet-s-garden-iv-1888.jpg
0.31565199870095806,quay-with-men-unloading-sand-barges-1888-1.jpg
0.1566838285747516,fisherman-on-the-beach-1882(1).jpg
0.19505040297048226,standing-man-seen-from-the-back-1886.jpg
0.47441079172892675,garden-with-flowers-1888-1(1).jpg
0.3110040514769579,couple-walking-arm-in-arm-with-a-child-in-the-rain-1890(1).jpg
0.364280541325091,peach-tree-in-bloom-in-memory-of-mauve-1888.jpg
0.18460132750641953,sorrow-1882-2.jpg
0.49023578509754306,weaver-with-a-baby-in-a-highchair-1884.jpg
0.3308353616502366,bent-figure-of-a-woman-1882(1).jpg
0.36590325289988024,rosebush-in-blossom-1889.jpg
0.48803112279616395,the-bakery-in-de-geest-1882.jpg
0.3210281201975749,two-little-girls-1890.jpg
0.25490067206679673,still-life-with-pears.jpg
0.21787374639525084,still-life-with-grapes-1887.jpg
0.15065801409519913,three-pairs-of-shoes-1886.jpg
0.15925418882328174,self-portrait-with-pipe-and-glass-1887.jpg
0.43893597492359515,avenue-in-voyer-d-argenson-park-at-asnieres-1887(1).jpg
0.12619748078650128,standing-female-nude-seen-from-the-side-1886.jpg
0.2094971469119179,lamp-in-front-of-a-window.jpg
0.8440677697541128,fountain-in-the-garden-of-saint-paul-hospital-1889(1).jpg
0.238025587657685,portrait-of-patience-escalier-shepherd-in-provence-1888.jpg
0.13722275220504646,portrait-of-the-postman-joseph-roulin.jpg
0.21206308722198225,peasant-woman-at-the-washtub-and-peasant-woman-hanging-up-the-laundry-1885.jpg
0.3122284987393441,farmer-leaning-on-his-spade-1881(1).jpg
0.17641280027067366,girl-standing-knitting-1882(1).jpg
0.32838040297870646,old-man-reeling-yarn-1884.jpg
0.3146520688490831,peasant-woman-digging-seen-from-the-side-1885.jpg
0.22679445393002146,bench-with-three-persons-1882(1).jpg
0.30034811304717574,peasant-woman-walking-1885.jpg
0.18482127677793056,interior-of-a-restaurant.jpg
0.5540618359274405,public-garden-with-a-couple-and-a-blue-fir-tree-1888.jpg
0.5154870936754045,daubigny-s-garden-1890-1(1).jpg
0.37925040566871815,orchard-in-blossom-1888-1.jpg
0.3339703102713426,carriage-drawn-by-a-horse(1).jpg
0.6889220644714369,gardener-with-a-wheelbarrow-1884(1).jpg
0.3146530859070554,study-of-a-fruit-tree-1890.jpg
0.2315429374064306,idol-and-sketches-of-venus.jpg
0.19483513107096076,sketch-of-a-knee-1886-1.jpg
0.7900245893455454,tree-trunks-in-the-grass-1890.jpg
0.3417843363690366,standing-male-and-seated-female-nudes.jpg
0.5365627153282553,the-thresher-after-millet-1889.jpg
0.33005067830470214,windmill-at-montmartre-1886.jpg
0.4434993414181278,wheatfields-1890.jpg
0.45210216402876735,man-with-top-hat-1882.jpg
0.15232923751929656,carpenter-1882(1).jpg
0.419694260558926,a-pair-of-shoes-1887(1).jpg
0.3955206271440439,man-drawing-or-writing-1886.jpg
0.3126679467128984,green-wheat-fields-1890(1).jpg
0.36576433021174437,orphan-man-with-top-hat-holding-cup-1882.jpg
0.4024754498878271,mademoiselle-gachet-at-the-piano-1890.jpg
0.5538731043214423,orchard-in-bloom-with-poplars-1889.jpg
0.24776302418957238,woman-with-wheelbarrow-at-night-1884.jpg
0.2705976467552964,path-through-a-field-with-willows-1888.jpg
0.3293290470676502,farmhouses-among-trees-1883(1).jpg
0.4194127349937663,woody-landscape-after-the-rain-1882.jpg
0.21761491492751603,peasant-woman-gleaning-1885.jpg
0.7478135149118373,fishing-boats-on-the-beach-at-les-saintes-maries-de-la-mer-1888-1(1).jpg
0.1463576495553511,peasant-boy-digging-1885.jpg
0.1727810415499671,woman-sewing-with-a-girl-1883.jpg
0.5536720227473109,wheat-field-behind-saint-paul-hospital-with-a-reaper-1889-1.jpg
0.09577519313092353,a-woman-s-legs(1).jpg
0.3574637555605303,still-life-with-oranges-and-lemons-with-blue-gloves-1889.jpg
0.3471967133421848,wood-gatherers-in-the-snow-1884.jpg
0.2618000899100166,orphan-man-standing-1882.jpg
0.2532162435656331,the-heath-with-a-wheelbarrow-1883.jpg
0.41014851546214065,van-gogh-s-chair-1889.jpg
0.1375699987969965,hands-1885(1).jpg
